13

1

4

100

83453083097144118755679004900956161317944806332931103361102930819687294518331763956307013409

46418216718884807666310814196580680021568649633980626032819620075141049810740833824709750037686814019077047606471176893728266068891710835833470853116538265583976709301445371813763423416327630317859534237707151197065950582557877261123933796938898318009165741491154582326408233493970610730934193873841799203336651062109392650364554304981172042766022829541615071940842300404384352911014736981421394915530127953252851135188382689570881801778691383293903102623377178092072465589462245572642830239777542202931368107344968706125682906075123856555927816211160118531678342563261020546582378233184897294605737743072909060253114441137226517485876540330257672464

569340939211471389962659798742921403066676585830944139425416207103163630830729373807431127122499903016459194716196

26166947992642688759492234280292902602127494647996757818609669613204673679492287453459327421444887670044831093217483229313832000936492611356740151982523013435347973452124282050049913706417006806786288368888778968252893755878836900

40949495723908710958272678922832689948796334924258562926086332437842693436389579352258443299587950091462722779835173090708632148687156097875041290269123242949978518216292671554668635603712169784227356702107427130559517456009638520865579015442942279237324677434108731413865193585984844417362194679828792609140242365149001627386295910974361144582715588997599679062285521043117586772527299454462391702356101369344325030881116460055150004364715096298802868697495571487913564400845908065791844783780615150248124462404

6922779789710140382458715982951055336079400474699183892516894930254222851053938842387613077129022047602130232052869523857646085908323733033595475017186265049422736320110783517478924300608134865834175487347257298433853747871153794802075704105491897179487752542251328640472000730058247543290247261123286581978052693810252060450834424262483797929175732402696094562577375928836425965799878980229923886468643414529681012438713608362940467459692740845977496433830532747394677291364443983202079264967275590748924154757772559945728896499330987730566442827849067786616255908197866122503713331041857956843501080228659615692539211254299161081331734230936917509501122996493832084592823213695439523323284373400860460417142936746289651301445122361001913095771390497955327531910919515811170786925051192115168523299950497978917856662683406534319769922537144778707800230254451857038449249747792778529140155546480846847948074532208400

42487106112077794597046211421535946299949658978778588304974817330598914490882698590451392521168582394571638346565167628771885532056430275583679778375426330493435327762313980992189643302516001060028871785809858256851809141525565202048055583840877357205306524567768365787934241255150863900319470215094072348659379416576252675124688639265037510069396115756053019647430582189645292968779607865717004645527978647817317601434652053188868194919795682634549609

53028982368885710873335480017426239951005719987893700431745132514196292266523501459856266539218669784950626233084819597760244784381439885402233791998923399289250675785004052306251076948941240110897317474020695505389124151396843971049150488142141767288810993067085772471981614836911315263146847858930616139753219996143830889464319517943174308685133398919360375523007274618713972813570712789205947314321967235895471559321

68032569385904403690019572920817850626383456409781027072213423107088732957383209878524721594928447004554261927159602317791516846226752303433514715906346339800621483971598100359460937528449

835212136036732205231105264269439734037118081663023871557631993274342513287811435894548900
