5

9
39 2 34 5 31 42 38 27 16 46 7 32 12 37 44 6 10 8 11 21 17 29 25 51 14 15 1 19 24 9 18 50 36 41 43 40 20 52 48 49 26 23 35 30 3 45 33 47 28 4 22 13
6 12 42 23 32 34 31 3 19 36 4 39 14 43 2 11 46 24 40 48 51 10 33 20 30 13 45 17 29 21 18 5 8 25 41 49 44 27 16 52 1 50 15 9 47 37 38 7 35 22 26 28
22 25 28 9 13 45 40 2 46 20 19 34 3 35 31 36 48 37 5 23 7 27 21 38 43 12 51 44 6 32 29 4 24 47 16 15 14 10 8 39 42 49 17 18 50 41 52 1 30 33 26 11
36 47 11 12 23 10 50 13 44 29 45 19 18 21 30 14 43 26 42 35 39 22 1 25 52 3 2 32 37 7 9 5 4 46 28 15 34 31 41 16 48 33 51 8 6 40 27 17 24 38 20 49
5 29 4 52 15 33 28 26 48 31 17 51 12 1 40 7 49 27 35 36 23 16 11 20 30 10 41 42 8 37 44 43 32 13 34 9 18 2 25 38 24 19 47 46 39 22 3 21 6 50 45 14
28 3 45 32 18 38 40 51 33 30 9 46 19 13 35 5 16 43 44 17 52 50 6 4 12 36 39 47 8 31 2 1 26 25 48 14 11 7 22 10 15 42 20 21 29 34 49 37 23 24 41 27
43 34 6 48 36 44 4 25 45 28 22 52 46 30 15 18 17 51 1 20 47 39 27 7 12 31 50 19 13 35 41 5 11 38 14 9 16 2 21 40 42 10 24 8 29 37 33 49 23 26 32 3
41 13 44 32 3 48 18 38 17 20 14 6 8 10 45 11 52 21 50 27 36 46 5 33 12 42 34 43 26 1 15 4 49 40 30 31 25 37 35 47 29 24 2 28 9 39 19 23 51 22 7 16
23 50 24 41 34 48 36 51 20 10 52 26 49 2 7 45 46 19 40 35 21 32 33 9 5 25 39 18 12 17 27 6 4 30 38 44 28 15 14 37 16 29 31 42 11 43 3 1 47 8 13 22
2
3
2
3
8
4

2
2 8 13 34 24 44 3 39 25 31 48 1 27 9 30 50 7 38 23 49 15 5 18 43 
45 52 47 46 51 29 26 36 10 37 28 20 21 42 40 17 11 33 22 32 41 35 19 16 14 6 12 4
40 50 30 5 45 18 9 21 24 6 
26 41 34 35 27 36 33 25 2 47 28 32 4 14 38 29 46 22 20 19 31 37 51 23 42 13 12 7 39 16 11 44 48 17 52 10 1 43 8 3 15 49
2
1
2
1
2

6
11 3 47 39 27 20 50 17 32 31 12 9 19 28 44 26 36 23 40 6 2 10 14 37 38 52 29 35 5 48 41 16 24 8 42 46 21 30 22 7 33 15 43 1 51 49 4 25 45 13 34 18
43 32 9 44 25 50 17 19 2 12 28 51 52 26 18 33 31 35 49 8 34 29 39 30 11 40 23 15 47 13 41 20 48 38 7 5 37 46 4 1 27 3 10 42 45 24 14 6 21 16 22 36
41 37 8 50 2 45 1 49 35 52 27 7 24 16 21 10 31 26 39 14 11 25 47 3 32 30 44 20 46 6 48 17 9 15 36 5 51 43 13 4 22 40 29 19 38 34 42 18 23 28 33 12
25 3 45 33 43 39 9 5 35 46 1 38 17 11 21 24 52 51 49 20 10 23 50 36 12 22 13 26 48 2 29 44 47 37 34 27 7 15 19 18 16 30 31 8 40 4 32 42 14 6 41 28
50 36 2 20 27 28 6 37 22 48 51 44 12 42 41 47 39 34 3 40 29 46 18 19 14 9 7 43 52 11 49 13 1 17 25 26 38 23 4 24 15 31 21 35 32 8 5 33 10 30 45 16
50 42 46 34 17 9 7 52 2 49 33 16 22 40 3 44 10 19 11 5 43 35 37 51 23 27 14 21 26 13 47 31 4 20 38 18 12 8 41 30 32 45 28 1 6 24 36 15 29 25 48 39
3
2
5
4
6
6

5
51 32 47 22 52 25 12 48 21 49 3 14 34 15 26 42 33 16 43 13 29 2 19 8 27 28 31 6 37 1 30 5 24 41 18 36 17 35 23 38 11 40 39 10 7 9 46 20 50 45 4 44
16 36 31 10 38 42 37 4 30 8 7 44 17 27 19 50 32 21 33 41 25 24 29 48 22 49 52 46 3 5 1 35 6 45 39 43 51 47 20 13 34 12 14 15 18 11 26 2 23 9 28 40
42 30 23 40 37 28 18 1 50 20 12 34 4 9 29 13 17 10 8 41 27 52 25 24 48 21 31 2 47 38 3 14 32 7 45 49 35 43 51 6 11 22 5 15 33 39 16 19 36 44 26 46
12 19 30 9 5 26 16 4 29 21 22 31 33 2 10 44 52 1 13 46 14 42 41 18 15 34 49 27 11 7 43 23 37 40 20 24 48 47 39 25 51 3 45 17 8 35 32 28 36 50 38 6
42 22 14 23 20 3 43 9 21 36 16 34 27 38 39 18 11 32 45 1 46 6 4 30 33 8 35 52 26 17 5 47 31 10 50 41 29 15 44 24 7 49 13 19 51 25 48 2 40 37 12 28
5
2
5
5
5
1
2
4
2
3
2
2

3
2 34 32 18 22 27 37 10 30 6 17 12 33 40 38 43 42 51 15 39 35 21 1 11 23 8 49 5 26 28 24 50 25 46 13 3 16 52 29 41 7 9 45 4 31 14 44 47 19 36 48 20
36 19 49 47 51 46 26 30 37 33 38 2 27 43 52 20 4 7 9 12 45 21 40 14 18 28 34 50 16 48 13 1 17 25 8 3 10 24 41 32 35 15 11 23 31 39 5 6 22 44 29 42
29 9 51 31 24 12 18 23 32 19 1 16 21 46 17 27 42 15 36 30 52 22 20 43 25 6 10 44 40 4 33 26 14 47 3 2 35 5 34 13 50 38 37 7 8 45 28 39 11 41 48 49
2
3
2
3
2
1
3
2
