3

684
522 426
384 1323
313 8086
904 9325
748 6217
520 3867
846 4011
579 9402
593 8702
552 6040
210 3493
829 9250
784 6122
100 9535
784 8798
575 4783
457 8657
742 1958
634 5770
338 2997
863 5382
392 7857
259 2060
761 8322
714 4203
48 9313
914 8923
396 8876
410 9697
494 8495
630 1545
201 4069
378 8438
207 6942
291 6364
745 2545
753 3153
213 7488
810 4011
566 2325
637 2875
797 8613
840 2903
599 3192
38 8601
145 7445
865 4019
457 345
638 242
605 6663
559 9928
81 4701
541 2312
674 4645
969 4350
576 7239
203 4958
860 5372
915 2394
994 6810
254 2952
971 1138
834 2118
712 5779
441 1472
751 1668
721 4352
663 7183
827 1261
962 5688
927 8796
105 5537
908 1481
227 7964
773 5822
125 1220
710 5379
848 8447
225 6543
366 2559
579 6666
369 8469
651 3299
559 4031
718 7478
625 6520
56 8996
829 9081
44 2963
136 7055
626 8168
546 260
707 3335
230 7394
304 9283
300 6947
415 6882
180 9668
50 1066
895 4738
609 6120
467 3871
951 9664
978 8295
701 6346
513 4113
725 6327
13 4411
156 5783
65 2242
189 811
693 7365
384 4603
20 4224
314 3434
553 6914
784 2922
586 1019
666 86
431 7915
28 3718
396 944
706 9104
886 2409
2 6213
23 6302
18 6542
497 1067
291 9754
187 9516
782 6956
877 9091
461 9917
3 8814
729 8478
196 6433
728 5108
563 4943
703 5433
645 1800
101 1057
598 5020
86 4471
224 1446
314 1376
683 3762
852 95
363 912
725 5664
142 6365
150 2805
264 2689
631 2877
662 4826
625 1334
390 2658
677 1078
548 6339
785 3763
490 6123
884 1450
544 6173
84 9087
102 4258
623 3160
317 5243
283 6124
352 2932
758 1914
599 13
23 734
811 8340
678 6699
813 3710
832 8814
263 8303
827 6067
505 8158
416 4262
773 2607
201 9390
865 2441
373 8484
749 7216
229 9482
215 6347
38 6251
301 2026
735 2067
881 6114
768 1919
985 7495
5 7946
207 9490
448 4420
161 2331
772 2648
131 2025
240 144
625 7879
577 2820
422 9839
216 1614
681 4723
188 3951
869 913
407 7955
900 205
46 6763
534 4458
788 4493
141 7694
70 1559
54 4623
854 5310
481 4030
221 9430
396 9903
977 8436
738 7428
340 4516
470 958
163 3098
861 4721
530 3560
53 7394
440 2317
228 1545
519 7509
170 4633
663 1372
154 3
905 5235
22 4549
328 7233
748 8760
69 6667
116 569
641 7231
143 2328
74 7170
486 5195
91 7513
373 6065
698 5609
981 6895
897 5712
946 486
34 3153
385 967
78 9713
379 8484
52 2147
729 8846
174 692
213 2871
417 3599
111 3698
115 7507
116 8835
729 6812
523 6448
933 2625
777 9820
138 8318
30 2513
996 3216
714 760
605 6399
442 7442
665 7130
728 7654
704 1081
588 8190
25 3818
981 8055
502 2753
730 9503
674 7786
103 7506
371 2811
378 4132
891 7366
117 4091
533 847
977 9910
564 8197
629 5056
246 1619
436 568
622 6622
374 2416
270 9475
260 7455
961 3943
105 3362
493 1331
48 5483
925 8735
582 1516
426 7457
5 3910
317 5341
959 7634
201 8562
535 8746
513 3175
649 7261
715 5782
76 9909
622 9675
357 5532
366 7115
201 8757
624 3291
99 8134
395 4401
741 9104
89 3712
625 3051
796 7641
167 160
420 9308
441 9816
76 2134
161 3868
400 5697
163 1869
977 6765
407 7716
849 3601
1 3506
609 4244
307 4094
144 2049
41 2931
442 8940
599 3208
375 6861
347 2392
259 5450
498 3507
375 2010
127 6661
376 8704
304 1533
38 6576
819 6656
749 3998
398 1477
408 7893
184 8439
998 3849
62 4134
525 7372
821 2408
266 9136
145 6670
330 3992
695 6271
156 4057
633 4998
6 9193
191 7803
280 8754
998 5588
378 39
239 2533
667 8375
746 7300
59 9543
678 4918
588 8324
316 6175
797 1269
326 5010
360 2952
145 2310
112 4365
470 1687
626 5743
781 2468
1000 4004
378 6020
671 8018
561 4476
745 5730
53 2590
764 3684
953 2720
730 7561
512 6630
939 441
157 9008
694 9050
145 626
445 4320
323 6925
296 797
814 7052
879 5319
48 2726
316 3624
307 1452
172 431
343 8611
240 8253
693 4855
862 4178
580 9849
826 908
227 724
648 6271
419 9901
304 3296
614 2232
310 1183
158 6013
816 2977
407 4816
427 4339
943 7750
956 8666
844 7635
835 9169
76 2423
146 7013
283 5302
554 7145
792 3053
636 4858
392 1757
121 2945
921 3549
364 7937
627 5680
781 1790
456 7570
556 5088
256 9651
425 1743
755 4332
985 1570
66 8389
441 3891
748 8210
966 3076
373 1139
39 4087
375 4645
324 9402
544 7001
922 6456
543 4351
1 2478
572 5799
482 2425
346 9326
66 8818
708 1763
972 1858
933 7807
297 9938
376 7305
950 6335
89 8750
102 8625
81 9632
982 9376
853 2975
125 7982
758 8776
453 7958
128 3455
217 8518
375 2187
994 1541
830 1659
316 1642
977 8205
306 7265
241 65
48 1759
134 3673
1000 29
362 9338
113 8124
82 1119
925 8917
434 9209
395 6141
33 4160
819 7740
382 1862
418 1134
750 3710
126 6075
834 3342
15 6173
201 5319
657 14
489 562
32 9121
38 6922
130 8956
448 1823
983 3877
968 5481
694 8153
638 7349
410 112
186 387
80 7535
59 371
690 3446
811 6259
172 6698
170 4300
221 7555
510 6559
382 3703
931 4310
790 716
868 1898
599 9835
946 857
595 3008
895 2484
854 7674
120 6953
564 4895
944 930
581 9087
642 114
24 9154
208 9503
812 1405
472 3138
35 9953
788 3691
547 6985
993 6085
568 2141
167 3239
191 7774
20 3638
919 6106
193 6964
429 2500
5 1834
336 6452
209 7212
349 1500
452 9032
723 1735
720 7591
676 3621
114 5064
302 8595
368 8280
917 4844
950 1740
703 2835
686 6142
327 8483
934 9690
901 2014
513 5494
526 3601
336 1317
907 3600
220 4055
470 8934
529 9333
612 3771
966 248
987 5880
67 5915
408 689
171 6752
794 9086
100 457
302 6046
647 964
280 6827
778 4982
388 7539
472 3998
330 7209
979 4000
248 7294
173 2296
563 6234
275 8239
343 9322
408 8797
605 4136
181 5859
822 7907
85 6179
512 5454
992 7863
860 9251
459 9463
815 1541
834 3789
85 4062
647 8359
597 647
968 6273
70 4291
426 4727
585 674
932 4959
489 7407
212 6017
231 5001
251 2203
17 8442
982 7062
850 7831
244 5168
526 3286
284 4891
163 6474
765 252
330 2584
258 5542
852 1915
673 8189
557 4341
693 4884
438 7139
580 6295
356 1454
285 1914
81 558
843 3880
770 606
431 4127
730 6285
220 4195
89 2059
325 4829
370 2940
632 2349
584 9926
65 9324
971 7021
475 8996
909 5326
883 4111
990 7989
946 6078
204 3112
748 4729
275 7285
343 967
796 1363
655 6020
368 5165
442 4286
962 1952
972 4858
854 1932
257 3798
908 1114
103 9492
569 2250
361 400
128 2124
408 7460
426 403
117 5102
121 573
89 8771
409 9489
792 3531
740 9370
653 6763
913 4945
59 1261
752 4820
421 1513

672
781 1912
392 1147
906 6240
18 146
614 2008
480 7942
31 3385
145 5320
111 9913
652 8514
518 6226
138 9597
655 3778
530 4309
730 3519
782 3553
52 2862
454 5173
670 7957
964 6471
764 2636
372 5796
115 794
706 1516
381 4226
803 1710
306 8898
675 6292
600 3312
830 3556
461 4681
543 8611
136 4512
468 9348
170 8157
792 8784
579 2933
727 3163
30 5693
270 784
493 7410
307 3072
715 150
461 5334
889 6315
347 6642
253 8701
212 1241
588 1740
896 5680
463 2757
42 7040
554 9041
85 5768
903 7584
345 7355
778 5396
897 4004
337 8845
159 5358
351 4577
278 8857
98 9955
694 6489
520 685
794 7942
333 2982
374 1835
954 7886
469 5811
517 6856
603 6814
817 2646
490 500
857 6505
81 3000
857 559
514 710
551 1954
638 2207
500 2070
404 8783
617 7832
718 9777
587 4570
426 7538
703 5103
101 28
527 7871
375 5590
590 2735
294 1808
517 446
399 159
717 6067
137 1388
171 5217
400 5892
668 787
709 5117
7 7607
61 9486
513 9709
580 3161
751 6392
478 8306
113 3692
137 5123
281 8982
400 6535
274 3998
214 5888
779 4444
583 4965
82 7447
405 3291
776 5440
500 6817
978 8640
383 5431
737 5080
771 6861
335 201
182 9259
793 3616
965 582
821 6418
862 3178
142 4600
398 8796
86 4575
366 9802
618 1213
204 7866
296 2947
378 7587
799 3384
585 9500
758 9133
100 9118
51 902
320 3064
593 8872
471 4533
328 7087
13 1868
21 1765
977 4379
244 4638
937 9180
118 1891
275 4666
166 3916
401 8859
976 2923
825 8500
564 4027
250 7496
28 508
594 2720
587 5355
119 5607
985 8959
596 6447
978 8580
470 3884
550 1448
363 5744
602 9067
989 1115
615 8930
308 2165
660 7530
37 8557
276 8039
745 5631
589 2214
172 3215
661 7573
152 1119
355 7991
438 6621
717 6256
322 1152
267 9670
599 7310
827 8233
114 4258
814 1838
877 150
132 441
6 9621
836 9720
644 177
648 8848
838 9795
768 9002
257 2627
779 7836
505 578
239 2397
629 6104
361 65
903 2742
243 9527
967 8131
103 1375
446 8973
501 6938
138 1090
236 9500
853 5327
954 6355
190 109
38 8084
480 1695
150 7629
45 1108
201 862
388 2299
429 9443
169 6707
31 4532
821 4615
704 7531
31 6310
637 9291
646 1883
344 5942
25 9835
881 1733
361 856
315 2030
244 9758
56 8515
309 9631
689 2485
368 1478
92 4719
602 7540
202 8147
437 5632
866 1838
131 9434
621 8561
646 4507
362 3501
883 6006
763 3676
542 1126
108 4171
7 2850
327 9797
867 6374
265 6770
916 9468
451 466
655 8705
138 1669
229 2785
643 110
611 6874
232 5356
31 5493
970 1346
516 3924
774 6429
577 4874
247 7452
222 3444
263 7864
681 5489
545 714
734 3336
472 5035
144 8962
188 6115
822 8754
598 7771
468 6853
128 9919
348 7336
209 3901
705 8924
367 9808
671 1926
766 7982
695 2351
38 663
697 7428
741 862
328 840
946 1280
402 1149
1 2895
814 870
557 1481
733 9161
84 6765
572 9437
714 6803
784 594
297 1480
142 9830
609 1334
195 4190
29 2701
333 5522
671 7326
221 5734
955 1023
855 3034
546 7511
628 588
24 2981
783 7199
145 7738
569 918
99 3441
774 4062
251 7059
112 3321
194 9631
957 6444
529 8216
591 3529
562 7836
698 4445
32 1459
439 2325
876 5056
145 574
843 20
460 4713
774 4942
352 4585
257 3376
6 4463
258 9451
18 6314
842 2139
974 9608
53 2755
565 8023
700 9084
491 5004
577 2575
946 9635
699 3419
712 8757
341 5824
199 9416
230 3950
752 8557
222 7488
626 3769
377 7416
522 5951
325 3781
216 7087
442 7024
598 6059
693 4018
788 4895
651 2744
567 4852
619 6992
293 4118
674 848
335 7044
812 247
662 4312
614 540
320 536
622 6939
314 9888
946 6063
432 6264
158 7990
733 6571
774 4809
152 9300
769 8392
240 5444
487 8794
40 3926
238 9650
190 3054
589 1203
493 861
100 7562
624 4807
422 3045
35 6407
329 8579
387 8119
770 7103
494 1538
333 3538
331 1085
11 2171
821 7723
776 9600
802 8362
574 4364
277 5295
453 2674
718 1900
658 3874
452 3104
575 3986
440 2191
80 1344
234 9286
370 3413
583 3564
638 1732
331 3755
116 8413
128 2133
779 7690
715 7404
655 6583
456 8784
888 6664
2 9259
449 5814
157 4441
78 7881
645 4742
306 448
531 9579
334 2295
708 9862
346 1801
490 6187
591 2124
58 6204
340 5597
261 5513
771 3227
392 9262
54 2572
804 8900
642 132
931 4448
26 8299
593 5461
674 7359
512 1300
839 19
494 5001
557 3781
377 3551
415 5248
474 7989
602 6538
109 217
116 3656
139 5912
711 2757
55 7069
881 736
447 1648
299 6907
277 9958
310 9489
269 1771
673 5218
465 8998
986 3440
977 5290
858 588
595 5437
348 974
730 7085
505 4410
145 1137
784 9385
643 5943
252 8434
923 5920
42 9914
483 1191
188 5714
153 1948
589 3526
465 9129
565 5447
420 7411
495 2264
25 6501
637 4999
735 8170
464 6772
558 3378
297 2716
981 9480
22 3338
403 463
762 3562
87 908
36 2351
149 3903
313 953
568 6920
420 5807
157 2593
114 7409
532 7891
268 3929
996 2089
568 6916
253 1976
439 4942
503 5656
915 7552
902 1941
195 2950
254 402
321 3507
665 6174
118 7093
853 2821
711 8583
511 1384
473 8331
246 1859
834 1392
685 1851
858 2624
176 7539
479 6772
73 6429
831 1673
531 2679
204 503
595 7195
367 6673
255 8447
183 7078
760 4117
975 6007
398 3357
207 6161
784 6435
973 5416
539 5311
92 3452
476 4612
642 4922
776 9359
905 8845
517 5723
521 9272
701 7123
239 6703
709 4460
168 7214
726 6459
893 5727
142 4861
172 6865
668 9681
644 8263
536 4496
854 4285
481 1311
33 6758
29 4997
119 7554
608 5081
540 9709
274 3317
127 60
786 2999
860 9019
235 6927
959 8031
645 5255
750 3602
238 8532
194 9955
712 3718
66 9579
484 9093
173 7184
245 4091
759 65
124 6518
517 9885
255 2261
187 7376
758 3842
96 8498
99 754
285 5197
151 2689
406 5478
408 8214
306 1472
7 4891
982 7831
247 8251
121 9092
329 722
982 637
364 6935
776 8520
17 6121
226 6223
419 5468
156 2510
339 6569
783 913
736 5747
637 8440
622 95
697 5970
62 3220
941 5817
453 390
324 3274
794 7168
288 4452
674 5162
629 6513
374 2093
13 5136
49 9713
811 6147
587 4784
230 8799
769 3560
780 5927
743 9830
571 720
994 4548
715 3894
697 2139
300 1355
867 5371
815 4281
416 9593
657 8827
974 5464
600 7467
265 5912
471 7829
755 7385
214 6250
322 1850
397 136
382 7315
805 8111
465 5078
448 3104
384 3684
628 614
441 3152
615 5284
102 766
29 1566
747 1718
103 2499
101 5853
702 2668
804 8422
88 450
561 3185
262 7892
347 4377

62
83 4412
39 5675
467 4234
200 5674
775 8584
612 766
864 6493
595 463
563 8716
770 8262
417 3984
71 3219
131 601
215 314
660 2508
271 6628
654 5094
327 7310
983 121
56 4879
644 4110
602 6668
482 4859
926 2548
161 9044
379 2695
914 4578
530 1801
114 4044
903 6744
723 6125
571 6174
835 8377
497 6897
775 9169
278 9904
571 3770
980 231
778 52
447 4906
600 6291
868 4825
977 3513
909 8749
845 5090
567 6811
336 1567
943 5137
385 9170
339 4791
695 6512
281 7968
199 7617
21 1613
518 7328
970 9467
644 4117
982 837
938 3620
62 7890
52 7782
348 2628
