31
0 3 4 3 0 5 6 5 0 1 2 1 0 7 8 7 0 9 10 9 0 1 2 1
0 3 4 5 0 3 6 5 0 1 2 1 0 7 8 7 0 9 10 9 0 1 2 1
0 9 4 3 0 5 6 5 0 1 2 1 0 7 8 7 0 9 10 3 0 1 2 1
4 3 0 5 6 5 0 1 2 7 8 7 0 9 10 9 0 1 0 3 0 7 8 7
0 9 4 3 0 5 6 5 0 9 10 7 0 3 0 1 2 1 0 7 8 9 10 7
4 3 6 5 0 1 2 9 0 1 0 9 10 5 0 3 0 7 8 7 0 1 0 9
2 1 0 3 0 5 6 5 0 7 0 9 0 1 0 7 8 9 4 3 10 7 0 9
4 3 0 5 6 5 0 1 2 1 0 3 0 7 8 7 0 9 10 9 0 1 0 3
0 5 6 9 10 9 2 3 0 3 8 7 0 1 0 7 4 5 0 1 0 3 8 7
0 9 0 5 0 1 2 1 0 5 0 7 8 7 0 9 10 3 4 3 6 5 0 7
2 7 8 7 6 5 0 9 10 3 0 3 0 9 0 1 4 1 0 5 0 3 0 3
0 1 4 3 0 5 6 5 0 9 0 9 10 3 2 1 0 7 8 7 0 9 0 9
6 5 0 9 0 9 10 3 0 1 4 3 0 5 2 1 0 7 8 7 0 1 4 3
0 5 0 1 0 7 0 3 10 9 4 3 2 1 0 7 8 9 0 5 6 9 4 3
10 1 0 5 6 5 0 9 0 1 4 3 2 9 0 3 0 7 8 7 0 1 4 3
4 5 6 3 2 1 0 9 0 1 0 3 0 5 0 7 8 7 0 9 10 1 0 3
10 9 4 3 0 5 6 5 0 9 0 1 0 3 0 7 8 7 0 1 2 9 0 1
0 9 2 7 8 7 0 5 6 5 0 1 0 3 4 1 0 3 0 9 10 5 0 1
0 9 0 1 4 3 0 5 6 7 8 5 0 3 0 7 2 1 0 9 10 7 8 5
4 7 0 9 0 7 8 9 10 3 0 5 0 3 6 5 0 1 2 1 0 3 0 5
6 5 0 1 2 9 0 1 4 5 0 3 0 7 8 7 0 9 10 3 0 5 0 3
0 1 2 1 0 3 4 3 0 7 8 7 0 9 10 9 0 5 6 5 0 7 8 7
0 3 4 3 0 5 6 7 8 1 0 9 10 9 0 5 0 1 0 7 2 1 0 9
0 3 0 1 8 7 4 3 0 5 0 9 2 7 10 1 0 5 6 9 0 5 0 9
0 1 0 3 4 3 0 5 6 1 0 7 8 7 0 9 10 5 0 9 2 1 0 7
0 5 6 5 0 7 8 3 4 7 0 9 0 3 10 9 0 1 2 1 0 7 0 9
0 7 8 7 0 9 0 1 10 9 6 5 2 1 0 3 0 5 0 3 4 9 6 5
0 3 4 3 0 5 6 1 8 7 0 7 0 9 10 9 0 1 2 5 0 7 0 7
6 5 0 1 2 7 8 3 0 9 0 5 10 9 0 1 0 3 0 7 4 9 0 5
2 9 0 3 0 7 0 5 6 5 0 1 8 7 0 9 10 1 4 3 0 5 0 1
2 5 0 7 4 3 0 5 6 9 0 7 0 1 0 3 8 1 0 9 10 9 0 7
