12
4 7 18 16 14 16 
7 13 10 2 3 8 
11 20 4 7 1 7 
13 17 12 9 8 10 
3 11 3 4 8 16 
10 3 3 19 10 8 
14 17 12 3 10 14 
2 20 5 18 19 5 
16 11 14 7 12 1 
17 14 3 11 17 2 
6 6 5 8 17 6 
7 10 14 18 5 16 

6
3 6 15 8 15 5 
4 11 8 9 17 19 
9 5 4 12 15 20 
13 1 17 9 20 13 
7 7 15 20 16 11 
15 19 8 2 18 3 

8
18 13 13 17 2 1 
7 2 6 10 5 20 
1 10 12 18 18 12 
2 16 10 8 8 17 
18 14 7 6 7 4 
20 5 9 12 13 10 
4 20 11 9 9 16 
1 10 17 4 19 6 

9
7 12 2 16 20 9 
5 9 2 11 14 1 
15 5 5 15 8 17 
4 12 8 6 20 17 
13 12 18 9 16 8 
15 2 19 16 10 18 
16 14 19 9 4 12 
9 10 17 5 4 4 
14 19 7 1 5 19 

12
9 9 10 18 18 17 
5 4 11 4 11 20 
13 6 5 11 6 20 
15 7 10 3 3 5 
18 8 16 5 9 12 
3 9 20 4 7 9 
1 3 12 11 6 2 
2 11 19 6 1 17 
5 7 3 6 9 17 
3 19 5 18 3 5 
1 17 13 20 20 11 
9 12 14 12 2 11 

100
14 15 1 4 20 2 
20 17 20 14 14 9 
11 16 7 7 5 1 
11 5 17 3 17 8 
6 17 20 19 8 13 
9 13 20 10 17 11 
3 8 7 2 14 13 
2 16 20 20 2 5 
20 12 1 8 6 9 
8 11 5 19 1 5 
3 10 17 2 11 5 
13 13 13 11 6 6 
3 20 1 3 19 14 
19 11 5 11 10 2 
20 17 13 16 15 5 
20 10 14 17 11 16 
1 3 20 5 14 6 
2 8 5 14 2 15 
7 20 5 3 3 7 
5 2 3 9 9 10 
13 9 19 19 17 9 
14 9 4 14 14 9 
11 15 8 7 9 10 
1 7 9 18 10 11 
4 14 4 18 14 13 
7 6 13 17 16 9 
18 10 17 1 15 2 
1 5 9 8 11 9 
17 3 15 18 20 4 
20 3 9 4 1 2 
8 19 20 12 16 15 
20 13 16 8 5 10 
10 5 6 10 4 16 
18 1 19 12 10 10 
8 9 13 16 4 5 
10 11 3 1 2 10 
7 13 2 3 1 18 
4 2 2 10 11 6 
17 8 18 15 11 7 
5 18 15 9 6 19 
13 7 1 7 7 15 
17 13 19 10 7 11 
8 11 12 1 12 14 
18 8 13 7 15 16 
13 11 13 20 11 10 
10 15 16 2 1 14 
8 9 19 7 11 5 
17 18 7 1 10 18 
6 20 18 19 6 4 
14 19 14 18 10 4 
8 19 18 15 12 10 
1 20 19 19 6 9 
15 14 18 2 14 19 
11 20 18 20 10 4 
3 15 14 8 12 3 
3 11 13 12 18 16 
2 18 15 12 8 12 
12 2 18 1 15 11 
19 6 2 17 17 3 
12 20 17 5 19 1 
19 2 11 3 13 20 
18 6 17 5 17 4 
8 20 18 5 20 12 
8 11 17 1 19 6 
4 10 5 12 6 15 
12 16 16 15 10 9 
14 19 6 3 3 3 
18 11 14 15 7 14 
7 14 4 15 15 14 
20 18 3 16 9 20 
11 13 15 18 7 16 
18 12 14 4 14 9 
6 12 11 19 18 17 
4 16 11 19 11 5 
12 2 14 6 10 14 
5 12 6 11 9 4 
6 7 16 20 10 1 
8 7 4 18 17 2 
6 1 17 16 11 19 
12 3 13 17 20 2 
11 5 13 8 15 1 
4 13 19 11 4 8 
11 11 14 15 20 3 
8 5 3 16 13 5 
15 4 19 7 1 19 
20 3 3 4 2 9 
4 5 13 3 15 16 
2 18 6 8 12 17 
10 19 2 4 14 14 
8 20 9 7 18 1 
5 9 15 19 12 17 
19 16 13 12 10 20 
7 11 17 5 10 20 
1 19 10 14 2 15 
19 10 7 8 8 4 
8 12 13 3 2 16 
11 20 11 15 11 12 
14 18 15 2 2 4 
1 14 3 2 8 16 
17 6 5 3 13 12 

31
18 13 15 2 7 16 
18 9 16 20 3 18 
4 17 15 18 10 8 
13 3 2 7 4 1 
3 12 6 7 6 11 
11 4 15 17 17 1 
13 6 9 20 6 11 
17 1 19 4 18 9 
3 2 11 16 9 6 
16 11 18 14 9 3 
4 11 18 18 8 7 
10 12 12 10 11 9 
20 19 9 11 14 18 
11 17 20 13 12 8 
18 20 18 7 13 18 
2 16 9 19 5 16 
17 6 7 9 15 9 
9 14 19 18 16 13 
15 6 1 6 18 4 
13 8 3 2 14 15 
20 15 2 20 6 18 
15 2 3 13 2 17 
13 11 3 3 20 18 
15 14 16 7 12 5 
11 4 12 13 18 18 
20 9 12 1 8 17 
11 2 11 13 6 12 
10 18 2 4 12 13 
1 7 19 8 5 10 
13 15 5 16 20 2 
13 19 10 17 11 17 

27
5 1 10 15 6 15 
7 7 4 20 10 16 
13 2 14 11 10 10 
12 14 5 16 9 16 
18 14 14 19 10 16 
16 14 9 17 1 14 
4 7 12 19 18 1 
6 2 2 11 4 11 
1 15 16 5 3 5 
20 20 10 5 10 19 
12 17 4 20 14 4 
5 17 2 16 7 12 
8 13 13 10 3 9 
12 3 15 8 19 17 
4 18 8 13 14 18 
3 6 14 18 17 19 
2 14 7 15 1 14 
6 9 6 11 10 20 
19 1 3 5 20 1 
2 3 11 1 7 4 
10 1 9 4 19 18 
14 12 11 1 6 11 
14 12 19 11 2 8 
10 12 1 4 16 20 
5 9 15 7 10 13 
10 11 14 11 14 4 
8 20 15 10 20 12 

7
20 5 3 11 7 16 
10 16 7 2 12 15 
14 8 3 8 14 4 
20 3 15 5 5 20 
20 4 19 14 13 10 
6 5 14 20 15 20 
16 16 8 14 10 11 

3
8 3 18 3 10 11 
6 1 5 12 18 10 
4 17 13 2 3 6 

2
4 20 2 9 19 8 
1 6 3 8 20 12 

41
10 7 14 7 9 15 
17 7 8 13 18 5 
2 1 1 7 15 15 
4 18 14 5 18 13 
12 18 10 6 17 9 
10 6 16 3 12 16 
10 20 2 17 13 12 
1 6 4 13 12 10 
8 7 19 13 11 17 
5 14 14 7 20 11 
15 9 16 2 3 20 
18 4 19 11 20 3 
14 12 9 18 5 12 
7 4 19 6 16 1 
2 13 7 15 19 6 
17 13 6 13 7 20 
12 4 4 2 6 3 
17 20 15 5 17 11 
8 15 14 18 20 1 
11 13 13 17 20 11 
14 16 16 19 8 2 
18 11 17 1 5 2 
4 1 13 10 17 1 
20 4 16 5 14 7 
5 4 12 10 12 11 
20 5 6 7 3 6 
20 12 8 8 5 12 
2 20 12 14 9 8 
15 20 4 2 4 9 
8 20 4 19 9 15 
1 1 19 7 19 13 
4 19 16 11 6 20 
3 7 19 6 13 19 
14 7 18 9 8 13 
17 7 13 20 18 1 
14 18 13 4 16 12 
8 19 10 15 2 7 
15 4 6 5 9 18 
4 14 16 1 2 15 
6 18 1 18 9 10 
10 14 20 15 17 15 

25
6 16 6 7 11 7 
13 17 10 10 13 10 
7 16 16 14 9 17 
8 14 7 1 3 7 
10 4 1 9 18 17 
16 3 5 1 1 7 
19 6 15 20 15 7 
9 14 3 4 7 3 
13 15 8 11 15 10 
17 16 5 17 5 3 
6 12 17 2 4 18 
8 2 3 2 1 9 
20 1 2 14 5 9 
16 9 3 3 11 17 
4 7 12 1 16 8 
15 13 11 11 14 14 
20 1 15 14 14 15 
3 5 16 4 19 12 
12 14 12 6 9 2 
14 4 20 18 16 15 
5 10 7 8 13 12 
1 12 4 8 18 17 
14 20 2 1 15 12 
12 19 17 15 4 5 
8 18 1 8 15 16 

10
14 11 18 13 10 10 
4 11 13 8 10 10 
16 3 1 9 4 16 
20 7 6 17 14 1 
13 1 18 5 8 4 
1 2 7 18 6 8 
19 9 10 11 8 19 
1 4 2 1 4 17 
8 4 3 13 12 16 
14 4 9 3 9 16 

7
19 1 9 17 10 14 
4 8 15 14 18 2 
4 10 17 5 3 1 
13 10 16 8 15 7 
15 20 2 3 14 2 
19 12 14 19 20 3 
5 16 2 11 1 12 

6
4 4 1 1 1 3 
13 13 5 8 20 19 
6 15 18 19 17 11 
1 7 15 14 18 6 
9 2 1 10 4 1 
13 7 5 14 19 17 

3
8 11 9 12 10 9 
2 7 15 19 6 11 
2 6 10 8 11 7 

13
13 19 20 6 1 3 
18 13 9 2 18 8 
10 18 10 19 9 20 
19 11 6 13 1 3 
15 14 8 4 1 11 
2 6 9 1 11 1 
15 8 6 4 2 15 
3 11 12 4 1 1 
15 19 3 13 11 3 
15 6 9 15 1 9 
5 3 6 5 3 8 
6 18 16 3 13 9 
17 7 11 1 10 12 

4
13 17 10 15 9 13 
9 3 18 9 17 18 
18 1 20 15 6 15 
3 3 4 10 17 16 

2
18 5 14 20 5 15 
11 17 11 13 3 19 


500
4 7 18 16 14 16 
7 13 10 2 3 8 
11 20 4 7 1 7 
13 17 12 9 8 10 
3 11 3 4 8 16 
10 3 3 19 10 8 
14 17 12 3 10 14 
2 20 5 18 19 5 
16 11 14 7 12 1 
17 14 3 11 17 2 
6 6 5 8 17 6 
7 10 14 18 5 16 
3 6 15 8 15 5 
4 11 8 9 17 19 
9 5 4 12 15 20 
13 1 17 9 20 13 
7 7 15 20 16 11 
15 19 8 2 18 3 
18 13 13 17 2 1 
7 2 6 10 5 20 
1 10 12 18 18 12 
2 16 10 8 8 17 
18 14 7 6 7 4 
20 5 9 12 13 10 
4 20 11 9 9 16 
1 10 17 4 19 6 
7 12 2 16 20 9 
5 9 2 11 14 1 
15 5 5 15 8 17 
4 12 8 6 20 17 
13 12 18 9 16 8 
15 2 19 16 10 18 
16 14 19 9 4 12 
9 10 17 5 4 4 
14 19 7 1 5 19 
9 9 10 18 18 17 
5 4 11 4 11 20 
13 6 5 11 6 20 
15 7 10 3 3 5 
18 8 16 5 9 12 
3 9 20 4 7 9 
1 3 12 11 6 2 
2 11 19 6 1 17 
5 7 3 6 9 17 
3 19 5 18 3 5 
1 17 13 20 20 11 
9 12 14 12 2 11 
14 15 1 4 20 2 
20 17 20 14 14 9 
11 16 7 7 5 1 
11 5 17 3 17 8 
6 17 20 19 8 13 
9 13 20 10 17 11 
3 8 7 2 14 13 
2 16 20 20 2 5 
20 12 1 8 6 9 
8 11 5 19 1 5 
3 10 17 2 11 5 
13 13 13 11 6 6 
3 20 1 3 19 14 
19 11 5 11 10 2 
20 17 13 16 15 5 
20 10 14 17 11 16 
1 3 20 5 14 6 
2 8 5 14 2 15 
7 20 5 3 3 7 
5 2 3 9 9 10 
13 9 19 19 17 9 
14 9 4 14 14 9 
11 15 8 7 9 10 
1 7 9 18 10 11 
4 14 4 18 14 13 
7 6 13 17 16 9 
18 10 17 1 15 2 
1 5 9 8 11 9 
17 3 15 18 20 4 
20 3 9 4 1 2 
8 19 20 12 16 15 
20 13 16 8 5 10 
10 5 6 10 4 16 
18 1 19 12 10 10 
8 9 13 16 4 5 
10 11 3 1 2 10 
7 13 2 3 1 18 
4 2 2 10 11 6 
17 8 18 15 11 7 
5 18 15 9 6 19 
13 7 1 7 7 15 
17 13 19 10 7 11 
8 11 12 1 12 14 
18 8 13 7 15 16 
13 11 13 20 11 10 
10 15 16 2 1 14 
8 9 19 7 11 5 
17 18 7 1 10 18 
6 20 18 19 6 4 
14 19 14 18 10 4 
8 19 18 15 12 10 
1 20 19 19 6 9 
15 14 18 2 14 19 
11 20 18 20 10 4 
3 15 14 8 12 3 
3 11 13 12 18 16 
2 18 15 12 8 12 
12 2 18 1 15 11 
19 6 2 17 17 3 
12 20 17 5 19 1 
19 2 11 3 13 20 
18 6 17 5 17 4 
8 20 18 5 20 12 
8 11 17 1 19 6 
4 10 5 12 6 15 
12 16 16 15 10 9 
14 19 6 3 3 3 
18 11 14 15 7 14 
7 14 4 15 15 14 
20 18 3 16 9 20 
11 13 15 18 7 16 
18 12 14 4 14 9 
6 12 11 19 18 17 
4 16 11 19 11 5 
12 2 14 6 10 14 
5 12 6 11 9 4 
6 7 16 20 10 1 
8 7 4 18 17 2 
6 1 17 16 11 19 
12 3 13 17 20 2 
11 5 13 8 15 1 
4 13 19 11 4 8 
11 11 14 15 20 3 
8 5 3 16 13 5 
15 4 19 7 1 19 
20 3 3 4 2 9 
4 5 13 3 15 16 
2 18 6 8 12 17 
10 19 2 4 14 14 
8 20 9 7 18 1 
5 9 15 19 12 17 
19 16 13 12 10 20 
7 11 17 5 10 20 
1 19 10 14 2 15 
19 10 7 8 8 4 
8 12 13 3 2 16 
11 20 11 15 11 12 
14 18 15 2 2 4 
1 14 3 2 8 16 
17 6 5 3 13 12 
18 13 15 2 7 16 
18 9 16 20 3 18 
4 17 15 18 10 8 
13 3 2 7 4 1 
3 12 6 7 6 11 
11 4 15 17 17 1 
13 6 9 20 6 11 
17 1 19 4 18 9 
3 2 11 16 9 6 
16 11 18 14 9 3 
4 11 18 18 8 7 
10 12 12 10 11 9 
20 19 9 11 14 18 
11 17 20 13 12 8 
18 20 18 7 13 18 
2 16 9 19 5 16 
17 6 7 9 15 9 
9 14 19 18 16 13 
15 6 1 6 18 4 
13 8 3 2 14 15 
20 15 2 20 6 18 
15 2 3 13 2 17 
13 11 3 3 20 18 
15 14 16 7 12 5 
11 4 12 13 18 18 
20 9 12 1 8 17 
11 2 11 13 6 12 
10 18 2 4 12 13 
1 7 19 8 5 10 
13 15 5 16 20 2 
13 19 10 17 11 17 
5 1 10 15 6 15 
7 7 4 20 10 16 
13 2 14 11 10 10 
12 14 5 16 9 16 
18 14 14 19 10 16 
16 14 9 17 1 14 
4 7 12 19 18 1 
6 2 2 11 4 11 
1 15 16 5 3 5 
20 20 10 5 10 19 
12 17 4 20 14 4 
5 17 2 16 7 12 
8 13 13 10 3 9 
12 3 15 8 19 17 
4 18 8 13 14 18 
3 6 14 18 17 19 
2 14 7 15 1 14 
6 9 6 11 10 20 
19 1 3 5 20 1 
2 3 11 1 7 4 
10 1 9 4 19 18 
14 12 11 1 6 11 
14 12 19 11 2 8 
10 12 1 4 16 20 
5 9 15 7 10 13 
10 11 14 11 14 4 
8 20 15 10 20 12 
20 5 3 11 7 16 
10 16 7 2 12 15 
14 8 3 8 14 4 
20 3 15 5 5 20 
20 4 19 14 13 10 
6 5 14 20 15 20 
16 16 8 14 10 11 
8 3 18 3 10 11 
6 1 5 12 18 10 
4 17 13 2 3 6 
4 20 2 9 19 8 
1 6 3 8 20 12 
10 7 14 7 9 15 
17 7 8 13 18 5 
2 1 1 7 15 15 
4 18 14 5 18 13 
12 18 10 6 17 9 
10 6 16 3 12 16 
10 20 2 17 13 12 
1 6 4 13 12 10 
8 7 19 13 11 17 
5 14 14 7 20 11 
15 9 16 2 3 20 
18 4 19 11 20 3 
14 12 9 18 5 12 
7 4 19 6 16 1 
2 13 7 15 19 6 
17 13 6 13 7 20 
12 4 4 2 6 3 
17 20 15 5 17 11 
8 15 14 18 20 1 
11 13 13 17 20 11 
14 16 16 19 8 2 
18 11 17 1 5 2 
4 1 13 10 17 1 
20 4 16 5 14 7 
5 4 12 10 12 11 
20 5 6 7 3 6 
20 12 8 8 5 12 
2 20 12 14 9 8 
15 20 4 2 4 9 
8 20 4 19 9 15 
1 1 19 7 19 13 
4 19 16 11 6 20 
3 7 19 6 13 19 
14 7 18 9 8 13 
17 7 13 20 18 1 
14 18 13 4 16 12 
8 19 10 15 2 7 
15 4 6 5 9 18 
4 14 16 1 2 15 
6 18 1 18 9 10 
10 14 20 15 17 15 
6 16 6 7 11 7 
13 17 10 10 13 10 
7 16 16 14 9 17 
8 14 7 1 3 7 
10 4 1 9 18 17 
16 3 5 1 1 7 
19 6 15 20 15 7 
9 14 3 4 7 3 
13 15 8 11 15 10 
17 16 5 17 5 3 
6 12 17 2 4 18 
8 2 3 2 1 9 
20 1 2 14 5 9 
16 9 3 3 11 17 
4 7 12 1 16 8 
15 13 11 11 14 14 
20 1 15 14 14 15 
3 5 16 4 19 12 
12 14 12 6 9 2 
14 4 20 18 16 15 
5 10 7 8 13 12 
1 12 4 8 18 17 
14 20 2 1 15 12 
12 19 17 15 4 5 
8 18 1 8 15 16 
14 11 18 13 10 10 
4 11 13 8 10 10 
16 3 1 9 4 16 
20 7 6 17 14 1 
13 1 18 5 8 4 
1 2 7 18 6 8 
19 9 10 11 8 19 
1 4 2 1 4 17 
8 4 3 13 12 16 
14 4 9 3 9 16 
19 1 9 17 10 14 
4 8 15 14 18 2 
4 10 17 5 3 1 
13 10 16 8 15 7 
15 20 2 3 14 2 
19 12 14 19 20 3 
5 16 2 11 1 12 
4 4 1 1 1 3 
13 13 5 8 20 19 
6 15 18 19 17 11 
1 7 15 14 18 6 
9 2 1 10 4 1 
13 7 5 14 19 17 
8 11 9 12 10 9 
2 7 15 19 6 11 
2 6 10 8 11 7 
13 19 20 6 1 3 
18 13 9 2 18 8 
10 18 10 19 9 20 
19 11 6 13 1 3 
15 14 8 4 1 11 
2 6 9 1 11 1 
15 8 6 4 2 15 
3 11 12 4 1 1 
15 19 3 13 11 3 
15 6 9 15 1 9 
5 3 6 5 3 8 
6 18 16 3 13 9 
17 7 11 1 10 12 
13 17 10 15 9 13 
9 3 18 9 17 18 
18 1 20 15 6 15 
3 3 4 10 17 16 
18 5 14 20 5 15 
11 17 11 13 3 19 
5 4 2 2 12 10 
11 1 11 3 16 8 
17 10 2 20 19 18 
7 16 2 12 15 19 
6 18 7 17 10 2 
15 14 17 8 7 20 
18 17 1 20 11 8 
7 7 9 8 18 7 
17 16 14 18 7 20 
8 13 17 15 1 18 
16 15 11 12 3 9 
11 12 6 3 11 8 
2 17 15 10 16 4 
16 12 12 1 1 18 
1 9 2 17 15 2 
15 10 9 17 13 3 
6 3 14 3 18 4 
10 11 12 16 1 7 
20 8 10 3 9 10 
20 9 10 14 17 4 
7 11 5 15 20 17 
17 5 12 10 19 1 
5 20 11 16 16 11 
2 7 11 3 9 19 
5 20 19 14 5 15 
10 12 18 6 18 17 
3 15 13 6 16 11 
6 13 10 8 8 17 
19 2 3 1 4 3 
19 8 15 17 14 19 
11 15 10 8 20 8 
16 2 14 8 19 1 
10 16 13 12 4 13 
8 14 14 3 14 9 
17 12 17 11 20 2 
10 2 16 11 10 15 
10 17 9 3 5 7 
16 14 15 8 5 18 
12 5 11 5 19 4 
14 15 7 2 6 6 
15 7 7 10 17 8 
16 7 5 4 1 1 
3 16 14 9 16 11 
6 7 7 8 4 5 
11 9 11 9 2 16 
14 16 2 12 5 11 
12 12 9 16 8 9 
16 2 17 1 10 12 
3 15 10 1 2 5 
5 4 13 16 12 14 
3 17 1 17 20 17 
19 11 9 7 18 16 
15 5 17 11 6 6 
14 20 12 16 1 5 
20 17 8 5 4 11 
10 7 7 11 15 6 
19 13 9 7 19 6 
14 5 11 2 8 8 
19 1 19 10 8 19 
14 20 8 13 16 11 
3 5 9 1 7 3 
7 6 7 7 4 5 
12 18 2 14 11 9 
13 10 1 12 11 9 
2 17 8 9 9 3 
12 4 19 20 4 6 
15 2 3 13 8 18 
10 12 15 11 5 18 
19 18 7 19 1 9 
7 2 5 6 3 6 
20 14 9 19 5 4 
16 11 6 10 4 5 
7 13 16 14 3 1 
11 1 10 9 11 10 
17 18 3 2 15 5 
19 15 10 19 5 15 
2 20 17 19 1 20 
4 7 4 19 20 6 
11 2 18 12 10 9 
13 7 18 16 20 4 
20 10 18 10 8 14 
16 1 5 12 20 5 
12 15 4 7 5 3 
13 8 17 2 19 6 
2 12 4 11 7 15 
15 18 16 4 19 3 
18 14 16 14 18 15 
19 1 1 2 7 5 
16 19 4 12 13 3 
10 6 6 5 17 4 
12 3 1 7 6 12 
10 15 5 17 9 2 
11 19 2 3 20 9 
19 7 19 3 11 3 
5 20 9 2 16 17 
5 7 19 17 14 16 
8 15 3 5 11 3 
18 13 1 12 7 12 
20 5 10 10 7 20 
5 3 11 13 4 7 
9 20 13 19 17 18 
14 16 4 16 20 6 
10 18 10 10 1 16 
13 12 1 3 1 7 
14 17 10 5 9 5 
11 9 5 15 19 13 
5 13 8 8 20 20 
14 10 9 15 11 9 
11 16 20 11 10 12 
9 3 9 18 7 9 
15 9 10 19 4 8 
11 8 12 10 7 4 
1 12 5 9 7 7 
17 17 2 8 19 3 
20 7 6 20 5 4 
8 19 13 9 9 8 
17 11 15 20 12 13 
3 13 5 7 1 3 
14 10 19 7 9 17 
10 8 3 7 19 19 
10 19 9 2 7 9 
1 15 19 15 15 3 
20 17 15 16 16 15 
18 1 16 8 7 5 
4 16 4 18 14 3 
9 4 1 9 17 7 
10 18 2 20 4 8 
2 3 4 16 18 11 
3 7 11 18 14 18 
2 9 5 18 7 19 
20 7 14 20 7 10 
18 16 7 11 16 3 
18 17 17 14 13 15 
4 7 1 15 4 7 
4 18 15 20 15 13 
10 14 19 3 5 6 
5 14 13 3 5 8 
5 2 17 2 7 9 
8 11 15 20 17 10 
6 12 7 1 3 13 
13 13 18 4 7 2 
1 11 8 13 14 12 
1 18 5 9 11 12 
9 18 14 15 18 2 
4 15 5 3 15 7 
15 20 19 5 3 6 
18 3 8 5 15 1 
16 7 11 1 15 1 
4 3 11 9 17 20 
10 13 14 6 15 9 
12 1 8 3 5 10 
20 3 4 7 7 18 
8 15 17 10 7 11 
10 10 6 12 18 14 
11 19 6 5 4 20 
5 7 13 4 9 17 
13 8 11 8 7 18 
5 14 12 13 15 18 
16 16 19 1 8 8 
14 18 18 20 14 13 
11 18 19 3 1 8 
12 5 7 2 12 13 
19 9 18 2 1 12 
11 8 20 1 8 7 
20 14 4 17 5 10 
9 15 7 20 10 8 
19 1 12 5 14 16 
10 5 4 19 6 16 
3 9 4 2 9 3 
8 1 16 3 17 12 
12 18 19 19 17 8 
18 15 20 1 11 13 

0
