17

20
0

98
3551
8043
6203
1798
1190
0

20
101
207
155
143
512
335
108
977
567
201
188
311
112
0

6 
200 
200 
400 
400 
0

1
200
100
0

1
100
200
0

1
100
100
0

1
10
20
30
40
50
0

50
2500
3000
1000
1000
1500
700
800
0

1
10
20
30
40
50
60
0

1
10
20
30
40
40
60
0

15
100
100
200
200
300
300
400
400
500
500
0

1
200
0

22
1200
500
2000
450
200
0

1
10
7
2
11
13
34
22
45
1
2
10
4
50
0

1
10
7
2
11
13
34
22
45
1
2
10
4
39
0

100
100
100
100
100
100
100
100
100
100
100
100
100
100
100
100
100
100
100
100
100
100
100
100
100
100
100
100
100
100
100
100
100
100
100
100
100
100
100
100
100
100
100
100
100
100
100
100
100
100
100
100
100
100
100
100
100
100
100
100
100
100
100
100
100
100
100
100
100
100
100
100
100
100
100
100
100
100
100
100
100
100
100
100
100
100
100
100
100
100
100
100
100
100
100
100
100
100
100
100
100
100
100
100
100
100
100
100
100
100
100
100
100
100
100
100
100
100
100
100
100
100
100
100
100
100
100
100
100
100
100
100
100
100
100
100
100
100
100
100
100
100
100
100
100
100
100
100
100
100
100
100
100
100
100
100
100
100
100
100
100
100
100
100
100
100
100
100
100
100
100
100
100
100
100
100
100
100
100
100
100
100
100
100
100
100
100
100
100
100
100
100
100
100
100
100
100
100
100
100
100
0
