1
3
7
9
11
13
17
19
21
23
27
29
31
33
37
39
41
43
47
49
51
53
57
59
61
63
67
69
71
73
77
79
81
83
87
89
91
93
97
99
101
103
107
109
111
113
117
119
121
123
127
129
131
133
137
139
141
143
147
149
151
153
157
159
161
163
167
169
171
173
177
179
181
183
187
189
191
193
197
199
201
203
207
209
211
213
217
219
221
223
227
229
231
233
237
239
241
243
247
249
251
253
257
259
261
263
267
269
271
273
277
279
281
283
287
289
291
293
297
299
301
303
307
309
311
313
317
319
321
323
327
329
331
333
337
339
341
343
347
349
351
353
357
359
361
363
367
369
371
373
377
379
381
383
387
389
391
393
397
399
401
403
407
409
411
413
417
419
421
423
427
429
431
433
437
439
441
443
447
449
451
453
457
459
461
463
467
469
471
473
477
479
481
483
487
489
491
493
497
499
501
503
507
509
511
513
517
519
521
523
527
529
531
533
537
539
541
543
547
549
551
553
557
559
561
563
567
569
571
573
577
579
581
583
587
589
591
593
597
599
601
603
607
609
611
613
617
619
621
623
627
629
631
633
637
639
641
643
647
649
651
653
657
659
661
663
667
669
671
673
677
679
681
683
687
689
691
693
697
699
701
703
707
709
711
713
717
719
721
723
727
729
731
733
737
739
741
743
747
749
751
753
757
759
761
763
767
769
771
773
777
779
781
783
787
789
791
793
797
799
801
803
807
809
811
813
817
819
821
823
827
829
831
833
837
839
841
843
847
849
851
853
857
859
861
863
867
869
871
873
877
879
881
883
887
889
891
893
897
899
901
903
907
909
911
913
917
919
921
923
927
929
931
933
937
939
941
943
947
949
951
953
957
959
961
963
967
969
971
973
977
979
981
983
987
989
991
993
997
999
1001
1003
1007
1009
1011
1013
1017
1019
1021
1023
1027
1029
1031
1033
1037
1039
1041
1043
1047
1049
1051
1053
1057
1059
1061
1063
1067
1069
1071
1073
1077
1079
1081
1083
1087
1089
1091
1093
1097
1099
1101
1103
1107
1109
1111
1113
1117
1119
1121
1123
1127
1129
1131
1133
1137
1139
1141
1143
1147
1149
1151
1153
1157
1159
1161
1163
1167
1169
1171
1173
1177
1179
1181
1183
1187
1189
1191
1193
1197
1199
1201
1203
1207
1209
1211
1213
1217
1219
1221
1223
1227
1229
1231
1233
1237
1239
1241
1243
1247
1249
1251
1253
1257
1259
1261
1263
1267
1269
1271
1273
1277
1279
1281
1283
1287
1289
1291
1293
1297
1299
1301
1303
1307
1309
1311
1313
1317
1319
1321
1323
1327
1329
1331
1333
1337
1339
1341
1343
1347
1349
1351
1353
1357
1359
1361
1363
1367
1369
1371
1373
1377
1379
1381
1383
1387
1389
1391
1393
1397
1399
1401
1403
1407
1409
1411
1413
1417
1419
1421
1423
1427
1429
1431
1433
1437
1439
1441
1443
1447
1449
1451
1453
1457
1459
1461
1463
1467
1469
1471
1473
1477
1479
1481
1483
1487
1489
1491
1493
1497
1499
1501
1503
1507
1509
1511
1513
1517
1519
1521
1523
1527
1529
1531
1533
1537
1539
1541
1543
1547
1549
1551
1553
1557
1559
1561
1563
1567
1569
1571
1573
1577
1579
1581
1583
1587
1589
1591
1593
1597
1599
1601
1603
1607
1609
1611
1613
1617
1619
1621
1623
1627
1629
1631
1633
1637
1639
1641
1643
1647
1649
1651
1653
1657
1659
1661
1663
1667
1669
1671
1673
1677
1679
1681
1683
1687
1689
1691
1693
1697
1699
1701
1703
1707
1709
1711
1713
1717
1719
1721
1723
1727
1729
1731
1733
1737
1739
1741
1743
1747
1749
1751
1753
1757
1759
1761
1763
1767
1769
1771
1773
1777
1779
1781
1783
1787
1789
1791
1793
1797
1799
1801
1803
1807
1809
1811
1813
1817
1819
1821
1823
1827
1829
1831
1833
1837
1839
1841
1843
1847
1849
1851
1853
1857
1859
1861
1863
1867
1869
1871
1873
1877
1879
1881
1883
1887
1889
1891
1893
1897
1899
1901
1903
1907
1909
1911
1913
1917
1919
1921
1923
1927
1929
1931
1933
1937
1939
1941
1943
1947
1949
1951
1953
1957
1959
1961
1963
1967
1969
1971
1973
1977
1979
1981
1983
1987
1989
1991
1993
1997
1999
