141 623
401 753
386 968
446 674
634 1278
401 1108
216 1068
568 642
647 1423
458 1217
384 703
272 833
381 1144
887 930
957 1398
368 465
275 1043
800 1460
702 947
887 1222
240 879
393 849
842 1155
529 1018
440 778
599 1422
9 231
384 773
985 1607
783 1724
63 213
389 1078
270 458
348 1319
433 1020
657 1329
225 626
479 898
713 720
907 1059
697 1202
975 1032
726 1436
797 859
331 910
354 1099
80 822
433 782
930 1063
671 1385
71 750
737 1384
80 296
65 857
574 1545
944 1566
827 1097
678 1583
331 805
318 331
52 76
758 890
765 1307
832 878
26 881
111 207
533 1381
743 1355
63 222
404 1392
482 1181
610 918
968 1255
564 1214
761 1643
662 826
905 1676
295 316
313 792
419 1109
333 1214
138 1003
728 960
477 619
390 622
482 1353
930 1021
531 780
377 471
898 1387
327 886
653 1236
330 629
956 1950
777 1503
683 792
606 778
974 1660
403 1205
179 972
33 693
15 329
750 1295
562 1041
991 1802
967 1284
721 1692
252 302
270 829
395 441
284 714
507 748
601 1081
926 930
633 738
148 813
116 278
330 1196
707 950
696 1393
53 715
365 1138
985 1953
175 429
526 1095
651 1460
350 859
50 1001
988 1315
306 1278
783 1236
636 1535
614 931
764 1436
559 1018
368 979
472 557
736 1192
52 962
61 991
830 894
90 270
572 1063
482 1394
818 957
883 1483
591 1462
498 702
187 800
228 974
423 1018
708 955
31 474
702 1137
352 467
364 898
178 983
65 814
296 842
660 773
684 1579
64 690
765 1679
181 1132
878 1286
48 349
355 1111
547 932
198 798
171 1073
714 1600
435 678
691 1190
344 1330
396 751
450 881
249 762
56 69
778 1014
316 972
644 1359
308 1306
470 1324
734 754
805 1710
273 1144
790 849
113 593
557 1365
817 1121
163 429
734 1145
131 272
776 1036
728 1171
915 1638
157 731
720 1699
427 1233
350 934
62 684
454 1305
680 1598
683 1271
726 1577
891 1779
469 1445
650 1601
468 1245
210 405
219 696
918 1294
50 1039
706 1535
794 849
412 619
676 893
410 1117
134 578
294 505
294 830
450 1212
863 963
64 394
876 1150
524 619
750 1543
822 973
782 1661
979 1906
933 1675
134 1094
958 1853
666 1110
338 1297
654 1285
846 950
745 1453
555 1363
389 819
433 1345
876 1058
57 106
685 1523
927 1590
116 327
405 1006
170 532
495 1330
157 989
145 956
815 1157
266 1177
49 869
718 1155
601 1104
701 1530
36 145
229 949
298 806
383 796
718 857
366 1254
852 1712
74 83
44 615
171 1029
912 1348
120 433
607 796
101 660
691 844
387 1114
261 1229
446 1004
475 655
323 515
318 1006
431 601
547 1052
178 1120
427 1127
151 489
135 405
650 743
459 1210
651 800
255 645
227 743
357 1030
73 256
204 599
374 896
82 239
43 1024
13 585
922 1361
271 696
128 885
694 1472
849 1001
880 1379
653 787
240 1119
1 949
903 977
130 237
820 1676
980 1882
12 34
234 610
593 1100
814 1677
931 1224
619 1596
70 889
480 781
669 801
787 1696
363 1150
208 473
212 550
723 755
545 1247
285 1193
723 1593
283 598
376 824
529 1188
740 1239
635 797
317 431
814 1800
598 1198
246 1206
739 1192
576 878
142 441
685 1371
1000 1321
593 668
190 1065
741 1659
674 944
928 1342
120 682
575 1364
27 767
126 750
692 1063
583 1013
175 686
83 400
809 1577
354 514
88 1035
234 864
173 1148
899 1746
596 1422
612 1327
387 925
503 916
277 905
389 1357
350 673
749 1274
833 1665
193 834
951 1497
153 543
844 1230
19 36
360 1277
215 1170
742 1568
22 502
363 887
245 1236
504 1137
959 1812
955 1662
729 1517
890 1163
780 1620
171 1103
230 244
670 1270
382 411
517 1465
336 946
773 1130
90 577
880 1566
478 1213
318 1106
940 1564
494 514
411 795
293 836
575 1038
826 1630
828 1323
404 966
524 796
509 720
233 515
567 1241
120 918
359 1308
533 1209
736 1208
300 882
491 553
317 452
956 1847
949 1731
695 1472
276 726
338 489
73 919
361 666
479 758
979 1930
77 414
899 1508
365 1352
432 448
568 1490
429 1313
57 442
774 779
518 1338
133 278
621 1443
648 1341
668 1028
998 1496
639 1615
448 1163
664 1011
675 703
333 439
395 647
379 1203
487 1274
560 1172
144 221
432 708
573 625
98 318
745 862
580 674
614 832
69 131
284 368
760 1070
464 908
415 1273
695 840
33 566
932 1524
144 219
20 595
702 1295
979 1130
812 887
267 1010
168 1049
960 1548
294 889
671 724
904 1038
848 1518
344 886
815 1191
426 1172
968 1537
172 511
496 721
931 1405
376 471
900 1542
837 1256
874 1023
6 525
743 771
571 1218
514 932
316 1173
311 793
232 968
579 1130
657 759
242 394
327 851
977 1679
970 1846
695 1502
646 1567
307 310
439 840
30 392
47 942
131 846
751 1545
548 883
881 1008
237 774
228 1058
688 1242
354 370
607 930
243 897
481 1369
926 1713
890 1606
188 460
429 1015
166 726
652 921
705 905
955 1540
326 869
122 1027
373 534
811 1537
529 946
48 819
422 1303
659 1358
667 1567
415 621
523 1366
792 833
754 1197
661 1119
994 1609
43 362
509 1025
576 1457
28 414
606 1162
154 160
679 1255
238 927
626 1530
588 628
110 573
235 488
503 1491
47 562
446 487
481 1321
711 1700
707 993
870 1604
671 1498
642 1467
184 504
752 1173
8 385
677 1624
769 907
761 764
390 1005
990 1426
129 916
828 1437
626 1165
598 1282
176 995
418 617
645 1056
375 556
82 560
601 1042
854 1131
739 1713
414 914
976 1131
114 432
943 1186
104 874
851 933
660 1460
765 953
618 1152
386 1001
296 1056
795 1172
237 984
817 1259
24 580
416 1205
407 1150
296 816
60 298
114 278
7 324
597 616
116 829
206 292
247 838
700 1242
702 1548
271 561
592 1031
83 1050
346 844
108 860
593 996
624 1276
640 1377
167 1165
53 816
16 537
476 697
606 680
163 820
967 1183
502 739
857 950
676 1616
60 433
789 956
125 506
569 1317
33 593
484 683
557 1446
314 1239
409 1198
497 511
214 226
22 202
227 750
417 501
615 1059
23 49
816 979
192 484
544 656
391 1319
23 898
126 1058
115 906
856 1379
931 1635
888 1032
715 1624
324 1266
783 875
377 774
535 1286
423 1125
913 1879
994 1450
430 814
383 1187
610 1471
735 811
3 945
950 1884
646 1483
77 437
97 497
653 1532
843 872
628 1005
779 1181
431 1123
719 1495
499 647
159 393
952 1073
94 132
196 292
980 1478
381 1006
686 1144
336 1119
209 1198
13 65
17 1009
780 928
393 603
839 1303
985 1674
611 1107
922 1836
968 1335
304 819
463 746
12 855
259 957
652 1598
832 1693
934 1130
264 567
188 231
450 1382
253 893
395 984
328 686
436 686
623 1026
616 1542
918 1348
560 841
625 1443
978 1606
116 277
840 889
357 460
703 1599
146 298
179 929
143 1069
690 1513
283 409
424 681
528 919
183 980
173 267
78 875
264 671
776 1155
920 1536
427 1055
718 1200
523 1386
985 1038
964 1092
978 1632
302 914
779 1504
869 1527
115 518
455 742
496 1380
435 1194
642 853
489 1402
826 1094
540 1435
749 1163
110 843
467 540
212 656
726 1239
56 912
237 513
514 1218
678 998
990 1515
555 1332
284 832
987 1111
461 625
391 1391
58 197
414 581
872 1752
592 675
675 1344
948 1678
525 709
357 747
887 921
61 290
559 1174
5 199
162 505
317 1291
858 1566
974 1889
846 1585
434 503
970 1347
504 1148
45 496
726 1647
986 1068
662 1535
468 1190
101 127
688 1145
571 1421
799 1686
175 831
946 1446
922 1066
238 593
212 771
83 150
203 331
517 797
48 903
713 1423
727 907
783 962
205 676
635 1410
672 1105
14 860
440 1399
346 707
102 1037
68 734
494 644
732 1428
277 878
327 1004
455 494
738 1271
219 739
711 1486
342 1039
902 915
129 1044
859 1779
225 781
280 607
490 1189
344 1327
849 924
30 507
27 383
505 1338
747 1341
365 1330
114 189
91 546
771 1763
820 1071
258 936
522 1005
585 1387
161 235
852 1356
409 461
930 1368
881 1838
146 531
141 1033
979 1485
208 652
932 1230
250 305
642 711
657 1556
98 277
733 1415
332 1225
108 291
748 1264
235 265
953 1068
986 1436
851 1329
341 522
983 1531
624 1539
198 424
321 1160
646 1623
89 185
155 977
129 615
66 302
669 835
103 358
195 603
369 901
857 1428
9 559
752 1744
449 1176
258 904
952 1530
836 1786
554 1479
45 106
98 271
546 1061
761 1327
680 895
820 1694
622 1162
757 1236
111 877
380 594
109 937
940 1306
474 1366
295 604
193 393
585 822
260 294
761 1567
549 1422
371 599
88 631
454 1163
434 644
539 1083
327 1245
757 1192
746 1443
152 723
940 1386
231 363
646 814
720 977
201 1033
62 811
705 1490
329 473
327 461
204 964
695 1438
656 678
12 776
808 917
812 1772
31 134
757 1019
234 988
429 734
11 992
137 561
730 923
208 618
336 1222
543 1082
998 1587
633 1286
610 1255
768 1538
105 685
81 217
682 1519
749 1017
943 1472
572 877
509 569
80 670
252 540
999 1586
525 1418
478 1000
482 592
526 969
106 400
212 775
873 1165
698 1604
481 927
173 948
326 423
431 1265
156 666
776 1536
797 1571
698 1372
19 194
195 1047
637 1358
294 388
366 1224
656 1246
149 854
495 1476
502 522
755 1582
116 301
661 1284
695 1131
382 1225
561 993
516 1447
606 669
782 1376
135 563
688 1188
285 980
441 1226
400 1335
766 1667
954 1474
728 1149
705 1445
44 795
527 1304
593 1032
208 669
370 536
875 1378
111 120
100000 10000000
