9 28
28 11 25 10 17 14 1 6 26
18 1 4 27 1 15 1 22 15 19 3 10 26 11 29 16 23 14 17 26 11 27 31 29 7 6 6 27
22 21
9 21 15 19 20 11 3 16 19 4 2 6 7 15 20 2 14 12 15 4 3 6
23 6 9 1 23 16 16 8 12 16 9 14 8 11 6 2 11 13 14 23 16
21 7
4 5 2 6 4 6 2 2 1 2 5 1 2 1 5 4 4 4 2 5 7
4 2 6 10 7 7 8
10 28
1 7 6 23 20 28 19 26 16 6
9 4 22 11 1 28 3 24 9 20 29 4 23 7 6 12 30 20 1 13 27 22 8 8 8 26 16 24
19 15
10 2 1 14 11 12 5 10 12 14 10 9 5 8 3 1 1 9 11
11 13 18 9 17 6 7 12 2 18 6 8 12 16 17
14 27
5 19 9 8 9 14 8 23 12 5 9 25 20 22
29 30 9 11 28 1 16 25 12 21 18 7 13 19 10 18 15 8 27 27 25 27 4 28 2 19 2
22 25
25 9 11 16 4 6 3 16 6 7 22 4 21 16 6 14 5 13 18 19 4 25
4 14 4 11 9 16 18 24 1 25 20 14 24 28 9 17 1 2 19 4 17 3 8 28 4
3 8
8 6 2
6 11 10 10 5 5 4 11
16 13
8 3 13 5 8 10 8 8 2 8 13 8 1 9 1 13
6 9 11 3 11 4 7 9 12 13 16 16 1
3 22
14 20 17
10 21 21 22 9 10 3 15 25 20 5 19 17 10 6 11 20 17 3 9 4 18
23 1
1 1 1 1 1 1 1 1 1 1 1 1 1 1 1 1 1 1 1 1 1 1 1
3
24 12
1 12 10 4 6 11 6 1 8 8 1 10 9 10 1 3 4 5 8 3 8 3 9 4
9 13 3 8 7 12 11 8 11 14 8 2
25 23
3 18 5 19 12 6 11 15 2 21 23 3 8 4 23 19 7 14 6 19 20 8 19 8 21
20 19 26 7 11 14 3 15 22 18 16 24 8 20 20 1 10 17 15 3 23 4 10
2 13
8 7
9 1 9 15 8 13 2 14 3 15 1 16 3
4 27
11 21 25 20
15 25 24 3 10 12 5 15 5 9 14 25 15 10 7 29 5 23 20 8 16 10 30 13 16 25 1
30 1
1 1 1 1 1 1 1 1 1 1 1 1 1 1 1 1 1 1 1 1 1 1 1 1 1 1 1 1 1 1
4
1 23
16
8 11 3 19 12 18 19 13 2 13 25 23 15 6 3 26 9 15 9 23 17 6 5
19 23
17 6 13 17 14 23 17 20 17 12 17 17 3 21 12 18 1 2 10
23 16 21 7 4 6 3 21 13 7 9 9 7 21 4 8 4 22 18 25 18 19 7
16 29
18 13 20 26 27 3 4 24 6 22 1 23 29 22 10 3
32 13 15 8 32 13 4 18 4 2 31 26 27 6 27 10 22 32 12 8 27 32 28 14 22 11 12 32 20
22 14
7 14 8 12 3 12 13 14 10 7 11 11 9 2 13 4 1 5 13 13 1 14
16 1 11 8 15 4 6 15 1 16 11 11 15 16
20 3
2 3 3 3 3 1 1 1 3 2 3 1 3 2 1 3 1 3 2 1
6 3 2
4 27
17 17 17 9
22 20 10 10 20 12 7 8 2 10 11 10 25 2 18 2 18 29 12 26 27 4 25 21 29 28 17
30 1
1 1 1 1 1 1 1 1 1 1 1 1 1 1 1 1 1 1 1 1 1 1 1 1 1 1 1 1 1 1
2
19 11
11 2 1 8 9 2 5 5 2 7 4 2 11 3 5 9 4 1 10
3 10 3 7 5 2 8 9 8 1 5
1 5
1
7 5 6 7 1
3 12
6 7 12
8 12 7 5 5 7 6 11 9 1 10 9
23 14
13 7 8 2 9 3 9 11 11 6 4 7 5 11 8 9 2 8 2 7 9 14 12
1 7 11 13 5 12 5 13 3 12 5 7 16 17
14 3
3 3 3 1 3 2 1 2 1 1 3 1 1 2
1 3 1
10 7
3 2 7 4 4 1 5 1 3 3
2 9 6 4 3 7 9
8 8
8 5 8 6 2 2 1 6
3 8 4 6 6 11 1 2
16 5
4 4 1 5 2 4 2 1 3 3 1 3 1 5 2 5
5 4 7 5 1
27 21
15 9 10 16 15 13 11 5 20 12 11 13 15 19 12 7 12 5 14 18 11 11 18 4 20 4 9
17 1 9 6 1 11 21 7 5 8 18 15 6 23 13 19 11 18 4 12 15
17 8
2 7 6 7 8 3 7 6 3 7 7 8 7 1 5 5 6
3 9 2 2 7 5 5 1
4 13
12 11 3 8
1 16 5 15 7 7 13 4 9 11 2 1 1
23 5
4 4 4 4 1 1 3 2 3 5 5 2 5 1 2 3 4 2 4 3 1 3 4
2 7 7 3 7
29 3
1 2 3 1 2 2 2 3 1 3 3 1 1 3 2 2 2 2 1 2 3 2 3 3 3 2 2 2 1
2 5 1
16 8
2 2 2 3 4 3 5 1 7 8 3 5 3 8 6 5
8 7 8 5 3 4 4 9
4 27
17 24 19 9
1 15 26 29 19 25 25 9 15 17 16 5 29 16 21 19 29 21 8 21 12 19 29 2 4 2 20
15 17
8 9 7 16 4 8 5 16 6 7 14 4 6 11 12
14 6 8 2 6 7 14 18 15 4 1 8 7 10 14 3 5
16 10
9 6 8 10 10 9 10 8 9 8 1 8 1 6 7 4
1 11 5 4 6 5 6 10 5 3
4 2
2 2 1 2
2 3
26 6
6 3 3 3 6 6 2 4 3 5 1 6 5 2 2 2 4 6 4 6 3 5 1 1 4 3
9 6 1 7 3 4
22 6
4 1 3 6 5 5 4 3 3 6 2 4 1 5 2 2 3 4 1 1 2 2
5 8 8 5 5 1
15 3
1 1 1 3 1 3 2 2 3 1 1 2 2 2 1
4 4 4
6 22
3 3 2 12 6 9
13 9 2 22 11 5 16 2 17 3 2 21 14 10 2 5 16 13 22 2 5 11
6 30
15 2 29 18 19 10
11 24 24 8 22 6 27 30 18 20 23 33 7 6 26 18 28 25 18 17 2 10 14 5 20 28 21 19 19 13
10 17
2 8 12 1 15 2 5 17 14 14
15 18 17 16 5 14 17 17 2 12 7 13 3 7 17 14 17
19 26
15 23 5 17 14 6 3 4 6 1 18 2 22 7 9 9 17 2 26
14 9 27 9 12 19 12 28 29 1 4 12 6 16 29 13 3 16 9 5 22 10 29 13 4 16
23 27
11 19 22 21 4 13 22 21 11 15 2 22 15 6 22 9 9 21 18 4 18 27 23
3 23 18 1 11 28 16 7 9 28 20 15 23 21 3 1 22 3 24 19 21 29 7 5 26 28 11
27 15
7 13 2 15 7 10 2 4 10 15 5 14 4 4 6 1 13 13 7 8 6 3 5 12 1 10 7
17 9 1 17 4 8 8 7 14 5 14 16 15 13 14
22 5
5 4 5 4 1 3 1 3 5 1 4 1 2 3 1 3 4 5 3 3 3 2
1 2 1 4 2
13 15
11 2 6 14 6 10 6 9 12 4 5 4 4
8 2 9 12 7 9 13 12 14 4 8 14 16 14 10
9 27
7 21 17 4 17 21 11 14 20
4 3 7 8 28 9 19 1 12 5 19 30 29 14 16 16 19 5 21 28 13 9 14 24 14 27 26
1 19
6
2 10 15 12 7 20 2 22 20 20 10 8 3 12 17 6 19 14 16
2 17
2 4
12 4 13 8 19 5 18 3 12 12 11 8 2 5 11 13 10
16 9
2 6 7 7 3 6 2 4 5 7 6 2 5 4 2 3
8 8 12 2 4 11 5 7 1
5 29
8 3 24 13 26
25 13 25 16 31 19 11 2 22 16 32 29 17 23 19 16 27 14 25 10 9 1 12 29 29 24 5 15 32
16 1
1 1 1 1 1 1 1 1 1 1 1 1 1 1 1 1
3
11 9
1 4 1 7 9 5 9 9 6 9 6
5 9 11 5 12 4 8 2 10
5 5
4 4 1 2 4
8 2 4 8 5
4 1
1 1 1 1
4
4 5
5 3 4 1
7 5 6 2 2
19 16
16 10 3 15 1 14 14 10 1 6 14 4 6 8 3 12 16 2 6
2 9 11 18 14 3 9 11 9 1 4 19 14 9 9 7
18 13
5 9 1 13 3 9 5 5 11 8 2 9 6 4 7 7 4 9
5 11 7 11 13 9 2 15 4 12 16 15 2
10 16
9 1 7 2 9 1 14 13 10 11
15 15 3 6 2 18 18 16 1 16 9 7 13 14 2 16
27 24
10 16 3 2 8 1 11 9 1 8 13 10 10 19 24 2 24 6 17 17 23 14 12 20 20 24 7
15 9 14 2 16 17 6 5 14 18 22 10 7 27 20 7 6 14 1 23 2 23 4 1
15 30
7 2 29 13 6 22 10 7 9 14 6 26 19 28 11
25 5 21 33 3 28 31 9 32 3 23 27 10 12 9 19 33 23 11 13 8 6 5 20 3 33 5 23 33 8
25 4
1 1 4 3 1 3 3 4 4 4 2 2 3 3 3 3 4 2 2 1 2 1 3 3 2
3 4 5 5
24 13
11 2 11 12 5 4 2 6 9 13 2 9 1 6 6 5 4 6 9 10 7 8 11 4
16 10 9 11 6 4 11 7 16 15 13 9 1
2 12
2 6
11 4 4 1 10 15 12 9 14 4 13 1
11 4
4 4 4 3 2 3 1 4 3 3 4
2 4 4 2
12 28
23 7 14 14 18 18 16 6 24 17 1 8
17 26 20 17 17 21 3 19 31 6 13 16 8 23 22 21 22 14 31 16 10 12 22 7 3 19 22 18
4 18
10 9 7 17
12 13 6 19 17 13 11 18 6 12 12 2 15 15 18 1 17 11
3 2
1 1 1
5 3
12 9
8 3 3 4 9 1 3 6 9 5 2 8
4 5 8 5 11 5 11 5 11
10 6
6 2 2 2 5 2 5 1 4 5
4 8 8 2 9 5
25 13
11 13 9 13 7 11 8 2 3 4 5 4 13 11 4 4 9 9 10 1 12 9 8 5 11
12 16 4 16 3 6 12 5 11 3 6 4 1
3 27
1 9 18
9 23 1 14 19 11 26 19 8 1 13 12 16 4 5 29 16 23 24 7 23 2 5 22 11 14 25
8 27
13 17 11 27 12 16 9 22
5 19 3 6 1 6 13 5 10 12 12 3 5 18 17 29 22 9 1 27 25 8 23 23 22 20 13
7 29
26 28 9 25 18 3 12
4 23 29 10 24 20 4 19 9 6 17 14 6 21 21 22 19 3 32 4 2 15 10 19 14 11 2 5 11
26 19
6 11 3 6 18 9 17 10 18 12 12 17 9 14 14 5 8 1 6 5 10 3 14 13 6 18
11 12 10 22 17 22 11 11 17 8 21 21 11 8 12 8 21 9 4
30 24
9 4 4 6 5 20 5 24 17 5 20 18 16 11 24 17 3 15 1 13 9 19 1 14 21 9 13 19 16 24
6 12 21 1 7 8 15 23 17 4 12 9 8 2 11 2 16 23 19 8 27 7 11 6
15 25
21 20 17 5 17 6 17 14 9 14 9 9 5 5 23
24 13 8 5 16 14 15 9 7 9 22 23 21 3 5 10 9 11 17 13 25 3 5 9 12
8 17
9 4 2 13 2 4 13 3
19 3 14 11 13 14 4 20 7 18 4 16 18 11 8 15 11
8 19
7 17 12 19 5 15 19 13
9 9 19 3 21 1 6 19 8 20 8 17 14 1 18 11 17 4 14
23 14
13 3 6 4 1 5 3 13 6 2 7 4 6 1 2 3 5 6 8 2 11 4 9
3 14 15 17 2 15 4 3 14 16 3 3 6 16
28 16
1 8 7 8 13 7 11 7 7 16 2 12 6 5 16 14 16 6 7 4 9 9 15 7 12 16 16 16
3 14 15 10 16 3 17 8 1 8 2 9 15 16 2 10
25 1
1 1 1 1 1 1 1 1 1 1 1 1 1 1 1 1 1 1 1 1 1 1 1 1 1
4
29 15
11 15 1 7 13 1 13 8 12 12 3 2 10 10 6 12 13 8 3 2 2 2 5 1 10 8 8 14 13
1 17 14 10 12 16 8 9 10 10 1 4 2 5 1
20 14
10 7 8 6 11 5 14 11 7 13 3 6 11 8 2 1 9 7 9 10
4 2 12 8 10 13 10 14 10 6 7 12 12 16
12 10
2 2 4 8 8 2 9 2 9 5 2 4
6 3 6 11 11 1 6 13 12 4
24 26
15 26 16 22 19 24 3 2 11 25 19 10 2 14 23 1 20 24 12 14 14 6 26 26
10 24 10 4 8 10 26 19 5 15 29 19 6 17 17 16 1 14 13 25 29 18 23 10 12 22
5 11
1 2 11 10 6
9 2 5 10 6 8 1 13 5 7 10
12 11
5 1 8 5 10 4 1 8 8 4 3 9
14 14 4 11 4 4 6 5 6 13 8
12 21
5 9 19 7 6 19 3 15 3 2 13 6
3 14 5 4 21 16 24 20 21 16 12 19 15 18 18 5 6 11 14 4 2
12 5
1 3 2 5 1 5 4 1 2 2 1 2
6 2 7 2 6
1 5
2
5 6 2 2 3
6 25
11 4 8 17 1 11
13 3 28 19 19 1 19 16 10 14 18 19 17 23 1 11 19 16 11 12 25 16 23 1 14
26 24
24 24 8 16 24 18 11 10 24 11 24 16 12 5 13 23 9 19 23 11 5 22 2 20 23 9
6 27 12 5 11 21 2 3 3 13 19 25 7 3 18 1 7 8 17 16 18 5 20 7
7 25
23 2 20 16 1 24 22
15 15 17 20 7 19 20 22 19 10 22 3 6 25 13 1 1 24 15 5 12 18 3 13 27
0 0
