7 20
1 2 30
1 3 99
1 4 37
4 5 68
4 6 90
2 7 47
3 2 72
7 3 87
7 4 24
1 5 30
1 6 70
6 2 44
6 3 96
2 5 35
1 7 73
4 3 8
7 6 35
5 3 1
5 7 96
5 6 88
1 5 102
29 41
1 2 74
2 3 19
2 4 23
3 5 4
1 6 9
6 7 80
2 8 76
8 9 10
4 10 84
10 11 56
6 12 72
5 13 77
9 14 85
12 15 62
12 16 45
6 17 46
7 18 43
2 19 76
4 20 91
20 21 28
9 22 39
6 23 9
21 24 98
1 25 86
18 26 98
7 27 14
17 28 29
25 29 70
8 11 26
16 9 79
8 6 96
26 12 23
23 11 30
5 19 13
13 6 5
3 20 33
7 20 98
15 22 23
23 1 46
4 8 83
2 15 11
19 11 66
6 15
1 2 77
1 3 16
1 4 44
4 5 38
4 6 1
5 3 58
3 4 87
5 2 48
4 2 46
3 6 28
1 5 63
2 6 36
5 6 44
6 1 69
2 3 69
1 3 121
15 15
1 2 57
2 3 91
2 4 49
2 5 60
3 6 23
6 7 59
2 8 51
3 9 14
1 10 44
4 11 76
8 12 29
11 13 54
6 14 90
9 15 79
10 6 33
7 9 183
5 10
1 2 18
2 3 61
3 4 8
2 5 91
1 4 74
3 1 88
5 1 58
5 4 98
5 3 44
4 2 57
5 4 140
27 44
1 2 79
2 3 91
2 4 46
3 5 95
3 6 8
2 7 30
3 8 35
1 9 61
1 10 43
7 11 40
4 12 78
3 13 5
10 14 52
7 15 31
11 16 1
11 17 100
12 18 4
3 19 15
17 20 48
16 21 55
4 22 8
6 23 73
19 24 68
22 25 87
1 26 58
12 27 58
26 5 30
20 3 61
7 26 14
6 25 28
24 16 88
9 24 30
11 26 83
10 17 92
14 1 79
13 21 9
5 12 21
19 12 60
11 19 3
20 13 93
17 9 38
9 20 70
11 20 48
4 1 15
16 10 227
14 15
1 2 95
1 3 52
3 4 3
4 5 9
1 6 64
1 7 64
2 8 91
5 9 28
5 10 35
8 11 80
1 12 97
4 13 64
4 14 10
9 3 45
1 10 94
1 14 184
10 22
1 2 72
1 3 14
3 4 80
4 5 63
2 6 16
6 7 57
6 8 76
7 9 4
1 10 4
3 2 21
1 9 66
9 2 88
10 5 53
3 8 49
1 4 57
7 1 13
9 4 17
5 1 60
9 10 44
8 10 28
3 9 50
2 10 82
7 10 230
7 21
1 2 70
1 3 63
2 4 37
1 5 87
3 6 6
5 7 45
4 6 38
2 6 42
3 2 34
1 7 56
5 6 76
5 3 8
6 1 76
3 4 97
4 7 1
4 5 45
2 5 4
7 6 49
3 7 83
7 2 90
1 4 9
5 4 177
13 31
1 2 15
2 3 73
3 4 19
1 5 95
4 6 81
5 7 72
1 8 10
1 9 43
4 10 55
10 11 68
1 12 77
6 13 81
3 7 47
11 3 97
3 13 69
6 12 52
12 8 84
13 7 20
7 12 25
2 10 53
12 2 92
11 6 3
4 11 59
6 10 6
4 9 63
9 13 44
10 12 96
2 4 75
10 9 72
5 8 1
2 8 84
3 11 196
22 36
1 2 29
1 3 18
1 4 91
2 5 47
5 6 34
1 7 21
1 8 96
8 9 1
3 10 74
4 11 50
11 12 15
10 13 21
1 14 40
13 15 100
5 16 19
12 17 11
10 18 88
12 19 8
12 20 40
5 21 92
2 22 55
16 19 8
13 1 33
17 7 56
14 7 77
18 22 32
20 1 51
6 9 50
22 6 57
5 1 10
7 18 65
9 22 49
1 6 56
14 10 84
8 7 93
2 4 31
17 8 56
2 1
1 2 11
1 2 215
17 25
1 2 8
1 3 29
3 4 28
3 5 74
3 6 68
1 7 98
2 8 90
1 9 52
8 10 58
1 11 28
1 12 40
4 13 16
5 14 94
4 15 75
5 16 59
2 17 87
12 7 51
1 6 71
10 4 5
9 5 57
10 6 74
1 10 7
17 4 87
12 11 98
10 3 63
17 5 255
21 27
1 2 99
2 3 65
3 4 65
1 5 63
4 6 31
1 7 46
6 8 47
5 9 13
6 10 51
6 11 44
6 12 77
9 13 72
1 14 3
11 15 88
8 16 6
16 17 12
6 18 89
7 19 35
4 20 39
1 21 77
18 12 49
7 12 14
19 15 55
8 15 83
2 12 84
21 7 71
9 15 100
9 20 137
25 27
1 2 45
2 3 12
1 4 94
3 5 100
1 6 67
3 7 56
7 8 75
7 9 73
3 10 45
10 11 58
9 12 57
6 13 50
10 14 1
10 15 63
8 16 94
2 17 94
10 18 72
5 19 63
15 20 73
19 21 59
4 22 50
8 23 13
6 24 80
8 25 59
18 24 55
10 6 96
24 7 28
24 25 9
31 35
1 2 78
2 3 13
1 4 16
1 5 88
1 6 89
2 7 92
7 8 38
2 9 43
3 10 18
3 11 42
4 12 5
9 13 61
3 14 27
6 15 63
4 16 8
1 17 96
13 18 7
14 19 86
1 20 31
12 21 38
15 22 78
9 23 91
1 24 31
12 25 52
18 26 34
22 27 61
27 28 95
13 29 51
10 30 60
29 31 20
13 3 56
15 17 41
12 23 18
22 17 95
21 2 61
12 3 4
31 47
1 2 4
1 3 27
1 4 34
1 5 71
3 6 41
4 7 12
7 8 9
7 9 33
4 10 11
9 11 40
5 12 21
4 13 75
5 14 37
4 15 42
7 16 47
3 17 81
12 18 53
7 19 1
17 20 35
15 21 31
3 22 65
12 23 84
19 24 12
23 25 8
24 26 2
22 27 3
3 28 70
10 29 13
22 30 12
9 31 50
25 20 9
29 2 61
27 6 48
10 14 76
7 20 50
10 31 52
8 3 28
19 31 92
22 19 50
15 7 10
10 8 70
21 18 52
14 21 51
27 3 23
14 15 55
13 24 89
14 24 68
27 11 214
19 23
1 2 9
1 3 74
3 4 82
4 5 85
2 6 98
1 7 94
3 8 53
5 9 23
8 10 30
10 11 39
4 12 17
12 13 57
12 14 7
6 15 4
13 16 89
1 17 38
17 18 12
17 19 49
3 2 33
6 9 26
19 4 62
8 9 92
12 6 21
6 17 169
19 22
1 2 52
2 3 77
2 4 45
4 5 88
3 6 29
4 7 53
6 8 21
5 9 92
1 10 62
3 11 20
9 12 22
3 13 66
5 14 54
11 15 49
11 16 66
13 17 54
15 18 58
18 19 60
4 3 61
5 11 13
4 1 97
9 18 10
14 16 157
6 15
1 2 98
2 3 68
1 4 50
3 5 53
5 6 23
6 2 81
6 1 28
2 5 14
5 4 72
3 6 56
4 2 5
4 6 46
3 1 84
4 3 40
1 5 70
4 2 175
11 14
1 2 83
2 3 18
1 4 91
3 5 32
4 6 88
6 7 53
3 8 42
3 9 97
3 10 1
4 11 65
6 8 76
2 10 97
11 7 27
7 5 96
4 3 80
25 25
1 2 87
2 3 85
3 4 15
1 5 23
4 6 2
5 7 81
7 8 76
5 9 13
8 10 82
7 11 97
11 12 24
9 13 15
5 14 56
12 15 75
10 16 62
12 17 7
9 18 85
15 19 74
9 20 93
14 21 67
4 22 99
10 23 83
14 24 89
10 25 70
16 7 58
21 8 124
6 15
1 2 85
2 3 79
2 4 93
2 5 46
4 6 27
5 6 14
3 1 64
5 1 89
6 1 11
5 4 40
3 6 55
1 4 96
4 3 54
2 6 47
3 5 9
3 4 219
27 45
1 2 13
2 3 14
3 4 87
1 5 97
3 6 62
4 7 52
6 8 17
1 9 35
4 10 6
3 11 8
4 12 36
2 13 51
1 14 43
11 15 38
8 16 66
10 17 3
9 18 39
1 19 87
6 20 37
10 21 53
1 22 71
7 23 57
1 24 58
23 25 91
23 26 91
6 27 88
26 17 48
12 25 37
2 22 31
25 10 21
7 2 98
16 27 50
22 4 54
25 9 88
19 21 78
18 4 55
5 9 54
16 6 90
18 16 72
4 14 93
26 15 90
14 3 91
9 6 44
1 7 38
1 25 54
11 4 21
18 37
1 2 5
2 3 82
1 4 10
1 5 82
4 6 97
2 7 11
6 8 72
8 9 29
8 10 12
3 11 63
9 12 30
9 13 20
10 14 49
13 15 8
4 16 86
7 17 79
1 18 1
12 8 64
6 16 13
12 17 61
18 5 56
9 3 73
2 10 98
18 3 36
4 11 78
17 5 49
17 16 2
3 4 91
12 18 51
12 2 58
1 7 27
7 10 4
6 11 39
10 3 68
6 7 16
4 2 70
6 3 60
18 2 154
26 34
1 2 71
1 3 99
1 4 2
4 5 62
2 6 51
3 7 11
3 8 88
5 9 65
4 10 68
5 11 60
7 12 24
11 13 4
7 14 49
2 15 6
11 16 76
10 17 36
7 18 23
9 19 95
10 20 89
19 21 32
13 22 18
9 23 43
8 24 94
5 25 73
7 26 93
12 1 65
21 20 92
9 1 42
14 5 64
16 26 34
5 12 24
26 21 66
19 15 24
1 17 16
2 10 20
26 39
1 2 69
2 3 42
3 4 74
2 5 1
2 6 76
3 7 80
4 8 8
3 9 54
4 10 37
4 11 98
7 12 30
6 13 30
10 14 83
8 15 90
11 16 80
1 17 31
6 18 27
14 19 8
6 20 58
13 21 86
17 22 29
12 23 96
14 24 29
17 25 18
16 26 15
24 7 26
20 26 60
1 22 18
26 10 100
8 20 72
3 17 82
16 9 66
22 21 61
17 21 62
23 10 76
5 19 71
4 14 88
26 22 94
11 17 29
6 20 186
17 36
1 2 51
2 3 7
2 4 74
3 5 10
2 6 95
5 7 48
1 8 58
7 9 73
6 10 45
3 11 10
7 12 84
12 13 78
10 14 31
8 15 91
8 16 96
2 17 16
17 1 46
14 9 55
7 4 6
14 6 51
10 9 99
12 17 82
11 15 21
7 1 12
12 4 81
2 9 7
2 8 58
11 13 95
6 9 86
9 5 35
12 5 93
1 15 8
1 6 92
17 13 52
12 11 66
4 3 89
17 2 79
25 39
1 2 9
1 3 8
3 4 86
3 5 39
5 6 2
2 7 82
7 8 31
2 9 22
6 10 2
3 11 58
7 12 48
8 13 71
7 14 76
4 15 49
5 16 33
9 17 83
15 18 87
12 19 97
18 20 36
17 21 46
16 22 82
10 23 60
17 24 88
9 25 73
6 14 94
10 13 16
13 22 74
17 23 59
24 22 3
16 8 100
1 6 87
15 1 68
24 6 83
7 20 55
20 11 37
8 6 47
6 21 36
3 19 52
24 4 3
8 7 99
17 29
1 2 70
2 3 15
1 4 63
1 5 10
1 6 67
5 7 99
1 8 38
8 9 32
7 10 86
1 11 27
3 12 97
5 13 24
4 14 82
6 15 59
14 16 20
2 17 54
5 9 67
4 16 33
14 10 11
16 9 42
11 6 45
8 13 94
15 1 46
16 10 4
5 11 73
13 17 97
12 11 61
12 16 75
11 10 77
16 3 39
7 21
1 2 74
2 3 26
3 4 86
1 5 67
3 6 21
2 7 7
6 2 40
4 7 2
6 4 65
7 5 4
1 6 51
4 5 91
1 7 4
4 2 84
5 6 85
7 3 42
3 1 84
6 7 8
5 2 6
1 4 5
5 3 8
1 5 166
8 21
1 2 21
2 3 31
2 4 10
4 5 28
1 6 10
2 7 65
4 8 70
6 5 71
1 8 75
1 5 89
1 4 76
8 2 61
5 2 91
6 7 51
5 7 63
1 3 77
7 1 79
3 7 42
7 8 63
8 3 13
6 3 97
3 7 206
15 29
1 2 41
2 3 60
2 4 89
2 5 94
1 6 63
5 7 68
5 8 85
1 9 23
5 10 73
1 11 51
3 12 15
9 13 97
13 14 80
6 15 56
9 3 16
10 8 75
4 15 91
1 5 5
9 6 13
3 5 36
5 4 79
13 11 93
11 3 37
11 12 92
13 3 30
12 8 100
5 15 23
8 13 62
3 10 49
7 5 219
2 1
1 2 71
1 2 186
7 19
1 2 49
1 3 84
2 4 92
3 5 52
3 6 57
1 7 61
4 1 39
3 2 41
2 7 64
5 6 23
7 4 94
5 4 4
5 1 87
5 2 32
3 7 32
3 4 49
2 6 68
7 6 4
4 6 82
6 2 205
21 37
1 2 6
2 3 36
3 4 68
2 5 44
1 6 19
3 7 32
6 8 15
5 9 80
5 10 34
7 11 18
7 12 71
3 13 54
8 14 64
5 15 98
10 16 52
1 17 55
17 18 44
7 19 48
4 20 40
18 21 48
17 8 87
15 8 66
12 9 85
16 20 56
9 13 42
6 14 91
5 18 82
16 7 77
20 2 39
13 17 39
18 4 70
20 17 84
16 5 22
20 21 5
12 6 3
15 9 39
8 12 82
4 6 187
9 9
1 2 43
1 3 99
2 4 35
3 5 48
5 6 86
5 7 82
2 8 7
7 9 92
4 3 5
6 2 13
15 27
1 2 14
2 3 100
1 4 4
2 5 49
4 6 80
1 7 74
5 8 19
8 9 13
8 10 6
2 11 90
11 12 1
3 13 47
6 14 91
3 15 24
12 6 49
13 1 48
6 2 17
9 10 96
9 15 10
7 3 74
10 4 72
8 15 72
4 13 34
9 4 5
5 15 41
7 5 12
15 10 83
11 10 48
12 28
1 2 92
1 3 71
3 4 51
2 5 71
3 6 65
4 7 14
3 8 48
7 9 59
1 10 1
1 11 47
6 12 94
1 12 10
2 6 45
9 6 44
11 5 21
1 9 70
9 4 28
9 2 73
3 10 89
12 2 79
9 8 20
6 11 4
9 10 26
10 2 57
5 10 30
11 2 23
7 10 56
5 8 20
4 10 164
16 29
1 2 9
1 3 96
2 4 25
3 5 73
1 6 60
4 7 88
5 8 11
8 9 79
6 10 43
7 11 53
6 12 8
8 13 9
3 14 79
2 15 29
9 16 72
8 16 25
13 3 50
1 13 92
2 16 31
16 13 47
15 8 89
11 16 57
13 12 17
16 7 97
13 11 20
12 16 51
14 9 19
8 10 29
9 10 11
8 6 198
4 6
1 2 98
1 3 96
3 4 92
2 3 95
2 4 100
1 4 59
2 1 250
26 28
1 2 14
1 3 21
2 4 24
2 5 78
3 6 5
4 7 28
3 8 81
3 9 49
1 10 69
6 11 86
1 12 88
7 13 94
11 14 37
12 15 51
2 16 26
8 17 53
11 18 21
9 19 32
7 20 89
14 21 70
17 22 86
6 23 41
16 24 46
6 25 93
5 26 78
3 4 38
9 21 26
1 7 4
5 17 196
29 39
1 2 80
2 3 19
2 4 82
4 5 13
1 6 84
4 7 85
2 8 99
8 9 47
7 10 59
8 11 92
8 12 35
7 13 74
1 14 78
12 15 1
8 16 36
7 17 98
1 18 59
8 19 34
12 20 56
20 21 59
5 22 56
20 23 73
6 24 24
6 25 81
24 26 89
5 27 82
17 28 9
2 29 77
27 23 13
16 21 62
29 14 30
11 20 86
6 17 77
15 17 49
24 27 19
2 9 7
7 11 29
2 13 6
24 13 35
7 10 169
20 39
1 2 74
2 3 81
3 4 23
3 5 68
5 6 77
5 7 99
7 8 87
5 9 22
7 10 76
5 11 77
7 12 5
7 13 62
7 14 98
6 15 82
2 16 44
13 17 82
8 18 31
16 19 10
9 20 64
20 16 19
11 15 5
12 4 21
10 19 97
14 15 43
1 16 92
14 11 65
6 7 27
19 17 89
14 18 36
7 19 12
1 17 24
2 19 46
7 2 10
13 20 8
10 6 66
3 6 40
20 3 54
15 10 69
13 1 56
2 5 104
16 20
1 2 25
1 3 15
3 4 44
1 5 77
5 6 27
3 7 60
1 8 51
5 9 90
8 10 17
2 11 5
10 12 14
11 13 91
13 14 52
11 15 71
12 16 21
1 13 13
12 3 63
4 8 89
12 9 53
9 3 95
13 7 211
16 34
1 2 44
2 3 81
1 4 89
1 5 4
5 6 50
2 7 73
3 8 34
1 9 45
1 10 29
8 11 53
5 12 44
10 13 22
9 14 24
14 15 80
2 16 46
6 10 32
11 10 72
11 15 64
4 16 36
6 2 74
1 15 26
9 13 65
13 12 96
2 8 94
7 1 77
2 11 48
12 9 11
15 9 98
16 10 4
10 15 86
12 2 9
7 10 1
14 13 39
15 7 17
9 15 166
18 22
1 2 5
2 3 5
2 4 99
2 5 99
3 6 92
6 7 87
4 8 3
2 9 59
8 10 83
4 11 60
3 12 49
3 13 22
13 14 76
6 15 49
5 16 12
16 17 60
7 18 36
12 7 98
7 8 90
13 7 47
10 4 29
8 9 64
9 11 109
24 27
1 2 79
2 3 67
3 4 78
1 5 9
2 6 42
4 7 98
3 8 17
5 9 33
5 10 56
2 11 56
6 12 28
1 13 83
6 14 98
10 15 45
8 16 35
9 17 69
10 18 31
4 19 54
18 20 65
18 21 25
15 22 25
11 23 49
23 24 58
1 20 67
3 23 49
1 11 46
22 12 80
7 19 60
16 24
1 2 97
1 3 93
2 4 48
2 5 35
3 6 51
2 7 31
6 8 29
5 9 43
9 10 9
9 11 11
11 12 80
11 13 55
4 14 9
1 15 9
13 16 82
2 15 48
12 4 96
11 6 69
14 16 99
10 3 93
14 1 54
5 6 15
15 16 75
11 14 25
8 7 46
19 34
1 2 21
1 3 30
3 4 35
1 5 39
2 6 64
1 7 54
5 8 37
6 9 56
6 10 59
3 11 18
6 12 96
8 13 55
8 14 61
8 15 27
9 16 6
11 17 83
8 18 11
9 19 15
13 19 93
6 18 98
19 7 88
17 8 98
11 16 50
16 7 29
18 7 57
1 19 72
6 13 38
2 18 43
16 14 93
7 13 37
1 8 3
19 18 16
19 10 28
10 11 57
10 16 29
29 32
1 2 93
1 3 27
2 4 69
1 5 9
3 6 17
6 7 59
3 8 8
8 9 35
6 10 26
10 11 64
5 12 86
4 13 68
9 14 68
3 15 24
8 16 4
12 17 12
1 18 19
9 19 3
4 20 75
11 21 95
8 22 70
3 23 34
19 24 79
8 25 97
12 26 26
11 27 95
10 28 67
26 29 14
22 10 54
2 25 18
18 21 94
16 26 56
12 22 33
30 46
1 2 57
1 3 77
1 4 77
3 5 16
3 6 64
3 7 37
5 8 68
6 9 17
8 10 21
10 11 39
3 12 52
2 13 5
4 14 30
9 15 79
7 16 88
4 17 61
14 18 38
14 19 49
16 20 42
5 21 36
20 22 50
8 23 33
18 24 1
21 25 91
6 26 52
19 27 32
22 28 77
26 29 48
17 30 47
4 10 95
29 3 32
29 11 97
5 15 33
28 13 46
10 15 97
14 23 98
19 11 44
21 7 29
23 1 58
25 23 86
9 19 30
20 23 76
5 11 90
20 30 95
19 10 79
11 22 92
21 12 15
28 44
1 2 95
1 3 20
1 4 23
4 5 13
2 6 24
1 7 90
4 8 11
1 9 49
5 10 6
10 11 56
4 12 79
11 13 31
6 14 47
9 15 64
15 16 36
10 17 68
3 18 17
9 19 78
5 20 60
15 21 99
3 22 24
22 23 41
15 24 4
5 25 22
4 26 91
15 27 61
1 28 5
15 3 16
9 10 52
6 21 26
25 19 37
15 13 72
22 8 64
22 1 17
22 11 29
26 19 71
12 6 87
24 2 80
24 14 66
8 10 80
17 1 31
1 25 64
11 17 78
13 14 95
18 12 91
5 9
1 2 7
2 3 100
1 4 57
4 5 43
4 3 84
3 5 69
1 3 55
1 5 4
4 2 46
1 4 222
10 25
1 2 98
1 3 64
3 4 7
4 5 34
1 6 5
3 7 8
4 8 66
2 9 32
8 10 95
5 3 99
8 2 36
4 7 5
4 6 68
1 7 20
9 3 27
4 10 12
1 8 30
5 1 52
10 7 28
2 4 66
4 9 20
7 8 83
10 2 22
4 1 12
10 1 66
6 2 150
21 28
1 2 53
1 3 69
3 4 31
2 5 79
3 6 81
3 7 73
2 8 39
4 9 6
5 10 48
8 11 23
11 12 85
11 13 40
8 14 50
9 15 69
5 16 31
7 17 54
5 18 97
11 19 5
14 20 36
16 21 44
12 3 11
19 14 58
16 11 88
2 12 79
8 9 83
5 3 88
16 4 62
12 18 97
10 14 44
29 33
1 2 45
2 3 27
2 4 100
3 5 89
2 6 76
2 7 42
2 8 1
1 9 36
5 10 51
9 11 20
4 12 48
11 13 100
5 14 52
2 15 37
2 16 60
13 17 16
11 18 26
1 19 88
13 20 83
18 21 92
19 22 9
5 23 63
13 24 1
20 25 1
20 26 50
15 27 42
4 28 18
13 29 100
16 23 73
17 5 40
25 4 86
21 15 68
4 29 77
6 10 59
30 40
1 2 89
2 3 34
1 4 11
1 5 87
1 6 20
2 7 53
3 8 73
3 9 12
9 10 17
2 11 57
2 12 63
5 13 22
10 14 10
4 15 15
11 16 89
9 17 75
2 18 97
5 19 66
18 20 87
18 21 39
4 22 89
6 23 17
18 24 68
4 25 40
23 26 48
17 27 38
2 28 12
1 29 99
20 30 8
26 5 71
24 1 19
30 10 77
23 18 68
12 15 11
5 2 30
6 22 66
23 21 55
6 13 65
19 24 72
15 9 20
15 11 175
30 45
1 2 32
1 3 64
1 4 54
4 5 58
2 6 73
6 7 98
2 8 89
5 9 7
4 10 69
3 11 69
1 12 14
12 13 56
4 14 73
7 15 72
5 16 18
1 17 74
16 18 17
12 19 77
12 20 49
13 21 90
20 22 37
3 23 39
7 24 1
1 25 98
18 26 5
17 27 53
6 28 54
18 29 50
7 30 87
6 16 3
26 29 71
13 30 45
28 18 34
25 22 20
21 20 72
10 24 92
27 1 96
22 19 55
9 10 41
24 23 96
15 26 4
14 8 88
23 2 5
14 5 11
4 16 42
19 7 49
21 29
1 2 70
1 3 7
2 4 82
2 5 50
5 6 19
2 7 22
6 8 9
4 9 84
3 10 12
8 11 84
5 12 92
5 13 31
12 14 23
9 15 46
5 16 96
5 17 100
2 18 52
5 19 36
13 20 84
15 21 58
20 2 72
18 14 7
14 10 4
9 18 47
5 11 3
12 11 100
6 3 77
15 16 80
9 7 64
2 14 137
29 32
1 2 100
2 3 15
3 4 28
3 5 72
2 6 56
1 7 77
3 8 72
2 9 12
8 10 83
9 11 43
6 12 10
10 13 38
5 14 78
7 15 9
12 16 74
13 17 15
4 18 28
17 19 78
13 20 98
13 21 38
19 22 57
16 23 27
17 24 97
8 25 37
7 26 49
8 27 90
25 28 24
22 29 27
9 3 52
27 4 66
25 6 47
19 13 44
22 2 225
9 9
1 2 75
1 3 30
3 4 84
3 5 13
2 6 50
5 7 38
2 8 100
6 9 13
9 3 50
4 6 88
27 28
1 2 22
1 3 50
1 4 72
1 5 84
2 6 88
4 7 61
7 8 81
6 9 21
3 10 43
7 11 13
10 12 6
12 13 27
2 14 18
12 15 85
1 16 39
1 17 29
15 18 3
6 19 49
1 20 1
9 21 26
13 22 50
22 23 40
4 24 52
22 25 4
16 26 84
7 27 52
22 6 76
19 4 61
10 13 105
7 21
1 2 75
1 3 5
1 4 76
4 5 78
3 6 90
3 7 55
6 7 51
6 1 91
4 6 5
3 4 72
5 1 98
6 2 15
4 2 58
1 7 99
5 7 97
4 7 71
3 2 69
5 6 90
2 7 65
5 2 64
3 5 74
5 4 14
24 38
1 2 93
2 3 99
2 4 49
1 5 50
2 6 28
1 7 10
1 8 34
6 9 58
2 10 73
3 11 10
6 12 64
5 13 74
7 14 37
9 15 3
12 16 73
1 17 75
15 18 48
16 19 10
14 20 34
1 21 76
4 22 88
17 23 34
15 24 82
4 12 29
8 23 54
4 3 53
12 13 77
6 20 41
19 15 3
12 10 62
18 13 78
23 13 20
5 19 39
13 22 21
23 21 43
23 24 20
23 11 76
5 23 75
14 5 110
31 40
1 2 2
1 3 11
1 4 35
1 5 51
4 6 82
1 7 14
1 8 62
8 9 77
1 10 1
1 11 75
10 12 57
11 13 78
11 14 93
4 15 52
8 16 62
3 17 48
7 18 75
11 19 98
1 20 51
5 21 73
4 22 88
21 23 39
2 24 35
23 25 57
8 26 69
9 27 37
24 28 24
24 29 27
29 30 70
11 31 6
3 14 97
12 20 94
15 9 93
29 23 81
11 21 33
13 10 73
19 26 97
17 8 75
19 1 5
28 7 47
10 7 87
6 9
1 2 87
1 3 97
2 4 49
3 5 20
1 6 61
3 4 25
5 1 23
5 4 41
6 3 87
4 5 13
16 17
1 2 87
1 3 10
2 4 13
3 5 44
1 6 50
5 7 89
1 8 85
1 9 27
2 10 61
8 11 84
1 12 89
11 13 90
4 14 65
11 15 79
11 16 29
4 12 60
4 9 73
16 2 115
12 20
1 2 64
2 3 54
3 4 60
1 5 79
1 6 17
2 7 1
7 8 17
5 9 99
2 10 25
10 11 74
6 12 4
12 4 32
9 12 67
9 4 88
3 9 100
9 2 60
12 7 60
12 8 58
6 2 50
1 10 42
12 1 69
13 24
1 2 44
1 3 79
1 4 62
4 5 23
3 6 17
4 7 8
4 8 42
2 9 39
7 10 50
6 11 95
6 12 82
7 13 27
7 11 23
7 5 88
7 8 70
4 3 91
13 12 33
13 8 2
12 10 26
10 1 31
8 9 96
12 2 81
2 11 80
1 8 62
2 9 154
23 27
1 2 47
2 3 94
2 4 98
2 5 34
1 6 72
4 7 77
6 8 38
1 9 97
4 10 7
7 11 98
11 12 56
9 13 57
11 14 42
12 15 30
13 16 67
9 17 60
13 18 77
14 19 59
6 20 68
11 21 79
12 22 9
20 23 92
19 22 70
1 23 20
6 9 1
7 17 94
17 22 50
4 3 249
10 19
1 2 14
1 3 15
2 4 62
2 5 24
2 6 99
6 7 67
5 8 7
7 9 15
1 10 59
2 10 21
5 10 98
4 10 94
3 5 54
8 6 72
3 4 54
8 2 8
4 1 82
7 10 83
7 1 12
4 7 255
21 28
1 2 5
2 3 56
3 4 28
4 5 43
3 6 71
3 7 65
3 8 79
2 9 84
3 10 98
9 11 19
5 12 95
11 13 99
7 14 65
14 15 9
15 16 30
14 17 77
2 18 64
13 19 69
10 20 1
3 21 54
15 1 57
20 4 90
13 6 36
15 21 38
6 20 99
13 5 10
21 2 26
12 16 68
12 8 82
4 6
1 2 91
2 3 64
2 4 24
1 4 41
3 1 91
3 4 1
1 3 231
16 33
1 2 92
2 3 21
3 4 76
2 5 58
2 6 55
4 7 50
4 8 41
1 9 92
8 10 61
6 11 67
7 12 35
3 13 32
4 14 22
7 15 53
7 16 43
10 16 90
15 9 65
12 6 6
11 5 55
4 16 59
15 11 22
8 5 36
13 4 78
12 2 64
4 11 70
10 15 34
14 1 40
13 15 35
4 10 90
8 15 56
2 15 18
4 1 17
9 5 67
10 14 203
26 35
1 2 42
1 3 16
2 4 87
1 5 10
4 6 20
1 7 60
7 8 85
3 9 60
1 10 87
7 11 3
6 12 70
6 13 33
12 14 47
6 15 39
8 16 78
11 17 65
11 18 3
11 19 33
11 20 90
9 21 45
4 22 67
15 23 56
7 24 9
7 25 82
11 26 48
1 9 26
2 3 72
10 4 59
16 3 24
12 1 56
5 11 45
7 6 5
17 13 12
5 17 24
26 20 60
23 2 83
4 6
1 2 16
2 3 18
1 4 21
4 2 58
3 4 39
3 1 45
2 4 159
23 35
1 2 20
2 3 44
3 4 12
2 5 62
4 6 39
1 7 55
4 8 70
3 9 1
9 10 61
10 11 12
11 12 96
12 13 38
2 14 9
8 15 8
14 16 93
8 17 54
17 18 68
9 19 55
17 20 29
20 21 77
12 22 48
1 23 28
2 9 19
23 14 30
20 11 72
19 15 32
17 22 1
1 5 48
9 16 84
8 1 43
19 1 52
23 2 69
2 19 37
12 15 95
9 4 35
18 15 246
13 21
1 2 17
1 3 4
2 4 46
2 5 92
2 6 93
4 7 100
1 8 49
1 9 90
5 10 71
9 11 46
11 12 57
3 13 54
4 3 34
10 7 47
5 11 9
4 11 91
7 1 2
7 2 44
6 4 97
3 7 50
7 5 41
13 12 185
22 32
1 2 78
1 3 98
2 4 36
3 5 67
3 6 59
2 7 64
7 8 27
5 9 55
2 10 17
3 11 96
1 12 21
12 13 14
8 14 24
9 15 88
5 16 55
4 17 81
11 18 92
15 19 61
4 20 12
2 21 29
3 22 51
15 21 72
21 6 40
8 13 53
19 13 66
18 16 97
18 20 6
3 19 97
17 20 75
10 17 4
8 20 48
21 17 71
19 20 118
21 27
1 2 62
2 3 77
1 4 75
3 5 3
5 6 46
2 7 28
5 8 40
1 9 92
1 10 50
5 11 64
4 12 62
8 13 4
3 14 47
10 15 13
4 16 84
1 17 100
5 18 1
17 19 28
1 20 98
16 21 49
18 11 1
1 6 44
8 19 36
6 17 49
16 2 16
18 8 80
3 10 15
15 21 239
25 41
1 2 45
1 3 78
2 4 59
3 5 72
4 6 91
5 7 3
1 8 29
5 9 34
8 10 38
5 11 53
1 12 71
10 13 36
13 14 62
10 15 96
10 16 68
8 17 78
5 18 73
11 19 8
6 20 46
16 21 41
10 22 4
12 23 90
19 24 84
21 25 21
23 3 77
14 1 12
2 10 13
8 6 32
13 17 95
20 14 2
17 21 80
2 13 35
20 17 92
18 12 94
21 9 71
10 24 6
22 2 88
6 11 79
25 23 94
4 19 91
5 10 63
14 20 60
2 1
1 2 71
1 2 89
31 37
1 2 32
1 3 44
2 4 33
1 5 93
3 6 61
6 7 39
1 8 88
7 9 96
5 10 79
3 11 37
8 12 91
10 13 85
11 14 87
13 15 5
5 16 91
6 17 42
3 18 40
6 19 6
17 20 68
8 21 36
7 22 44
6 23 34
11 24 45
23 25 58
19 26 4
13 27 47
15 28 62
9 29 72
21 30 65
27 31 55
5 4 80
25 16 48
5 2 27
30 10 60
9 3 89
23 15 16
14 19 29
7 16 141
29 30
1 2 84
1 3 26
1 4 16
4 5 11
5 6 48
3 7 38
1 8 37
8 9 43
8 10 32
4 11 36
4 12 32
10 13 21
3 14 21
2 15 22
11 16 30
13 17 27
15 18 87
14 19 95
5 20 5
12 21 53
15 22 67
5 23 86
1 24 10
17 25 55
17 26 80
13 27 46
3 28 73
14 29 72
23 26 31
14 25 10
22 7 233
27 29
1 2 69
1 3 36
2 4 82
4 5 58
3 6 87
5 7 42
4 8 70
8 9 77
6 10 8
3 11 4
6 12 8
11 13 36
11 14 44
14 15 14
10 16 9
14 17 60
5 18 82
1 19 50
19 20 24
2 21 3
18 22 97
6 23 93
12 24 79
23 25 49
4 26 10
18 27 91
9 11 72
7 25 38
18 2 57
4 9 14
2 1
1 2 57
2 1 151
27 34
1 2 76
1 3 76
1 4 23
1 5 28
2 6 6
2 7 91
4 8 31
7 9 67
6 10 42
9 11 38
3 12 64
12 13 5
3 14 74
1 15 30
1 16 78
2 17 48
14 18 72
6 19 30
18 20 11
9 21 10
18 22 92
22 23 98
23 24 64
17 25 76
16 26 90
11 27 6
19 22 77
21 10 6
22 7 49
11 25 23
25 3 86
18 26 54
8 9 3
19 17 18
19 15 211
2 1
1 2 63
1 2 217
8 24
1 2 58
1 3 41
1 4 58
2 5 81
1 6 69
1 7 6
7 8 71
5 1 68
3 4 96
7 5 38
6 3 73
2 4 91
6 5 26
7 6 75
6 8 89
1 8 41
7 2 57
3 7 32
3 5 94
5 4 93
3 2 73
6 4 36
3 8 1
7 4 99
8 5 100
18 32
1 2 70
1 3 16
2 4 92
1 5 84
4 6 37
6 7 15
6 8 6
3 9 94
9 10 75
2 11 24
5 12 22
9 13 63
5 14 41
8 15 41
12 16 84
2 17 39
1 18 70
1 12 98
5 13 86
12 8 5
1 9 95
9 11 70
14 10 88
4 12 28
18 15 51
6 16 89
14 9 62
7 12 57
16 1 61
16 7 7
4 17 77
17 6 64
2 18 223
3 3
1 2 45
2 3 36
3 1 6
1 2 253
7 19
1 2 84
1 3 53
3 4 72
3 5 69
3 6 40
1 7 29
5 4 59
2 7 41
4 7 71
7 3 31
1 5 66
4 2 46
7 6 38
6 2 8
7 5 7
2 5 72
4 6 69
2 3 55
4 1 9
4 5 191
31 43
1 2 49
1 3 21
3 4 85
2 5 95
4 6 95
2 7 69
7 8 62
7 9 24
2 10 20
9 11 65
10 12 69
5 13 28
13 14 23
10 15 32
8 16 30
3 17 86
17 18 36
4 19 55
9 20 36
2 21 5
12 22 99
18 23 5
16 24 34
14 25 42
9 26 27
24 27 94
11 28 19
6 29 12
19 30 9
20 31 95
7 29 20
23 30 75
1 16 6
13 29 11
13 20 90
27 17 17
27 2 64
25 6 27
5 17 74
1 20 65
21 16 39
23 16 66
1 15 43
27 25 227
18 29
1 2 61
1 3 20
1 4 50
2 5 60
1 6 61
5 7 1
2 8 9
6 9 8
3 10 11
1 11 4
4 12 33
9 13 66
12 14 93
3 15 36
3 16 39
3 17 6
17 18 59
3 6 59
14 15 71
2 17 5
4 13 12
6 12 79
8 9 63
13 17 91
1 12 29
18 14 80
4 3 31
12 5 41
6 16 13
6 17 66
9 11
1 2 51
1 3 88
3 4 42
4 5 48
3 6 19
5 7 34
3 8 19
2 9 60
5 3 80
9 1 50
6 9 36
8 5 32
12 16
1 2 79
1 3 6
2 4 66
3 5 54
5 6 63
5 7 25
3 8 52
8 9 84
7 10 53
4 11 84
8 12 22
11 8 56
9 11 72
7 1 30
9 3 88
5 11 91
4 9 239
30 35
1 2 90
2 3 59
3 4 12
3 5 45
2 6 32
1 7 78
1 8 76
5 9 75
3 10 29
7 11 63
3 12 73
3 13 17
6 14 95
9 15 99
8 16 13
10 17 28
1 18 32
15 19 75
9 20 83
14 21 45
4 22 75
20 23 34
23 24 60
4 25 6
18 26 7
5 27 69
27 28 50
4 29 53
10 30 95
28 26 79
29 5 62
26 22 8
18 14 52
4 20 26
15 13 37
20 3 76
12 20
1 2 48
2 3 10
1 4 32
3 5 79
1 6 43
2 7 13
3 8 46
1 9 9
2 10 33
6 11 91
11 12 94
4 9 11
11 1 52
6 2 12
3 9 42
6 3 79
1 7 24
9 12 9
1 12 99
10 3 76
2 12 178
23 30
1 2 38
2 3 50
2 4 48
3 5 71
3 6 91
3 7 52
6 8 19
3 9 95
3 10 53
3 11 83
7 12 49
12 13 11
13 14 89
8 15 19
5 16 24
13 17 21
12 18 82
9 19 10
18 20 29
20 21 91
8 22 30
22 23 32
4 19 94
23 12 76
19 21 91
1 3 82
15 23 24
9 2 86
19 15 18
17 8 47
14 20 38
0 0
